host: L
server_version: 5
connect_ms: 2.270
robot_mode: 1
control_command_success_rate: 0.000000
m_ee: 0.730000
m_load: 0.000000
m_total: 0.730000
F_x_Cee: -0.010000 0.000000 0.030000
F_x_Cload: 0.000000 0.000000 0.000000
F_x_Ctotal: -0.010000 0.000000 0.030000
I_ee: 0.001000 0.000000 0.000000 0.000000 0.002500 0.000000 0.000000 0.000000 0.001700
I_load: 0.000000 0.000000 0.000000 0.000000 0.000000 0.000000 0.000000 0.000000 0.000000
I_total: 0.001000 0.000000 0.000000 0.000000 0.002500 0.000000 0.000000 0.000000 0.001700
F_T_EE: 0.707100 -0.707100 0.000000 0.000000 0.707100 0.707100 0.000000 0.000000 0.000000 0.000000 1.000000 0.000000 0.000000 0.000000 0.103400 1.000000
EE_T_K: 1.000000 0.000000 0.000000 0.000000 0.000000 1.000000 0.000000 0.000000 0.000000 0.000000 1.000000 0.000000 0.000000 0.000000 0.000000 1.000000
O_ddP_O: 0.000000 0.000000 -9.810000
O_T_EE: 0.999989 0.000132 -0.001331 0.000000 0.000131 -0.999990 -0.000775 0.000000 -0.001332 0.000775 -0.999999 0.000000 0.306724 0.000117 0.486454 1.000000
q: -0.000231 -0.785251 0.000052 -2.356921 0.000811 1.570339 0.785073
dq: -0.000481 -0.000048 0.000109 -0.000200 0.000099 -0.000014 -0.000805
hp_q: -0.000230663600055855 -0.785250788805778 5.1590539422385e-05 -2.35692138653159 0.000811206067415174 1.57033887690968 0.785072525387837
hp_dq: -0.000480841199098748 -4.80905270784754e-05 0.000109134268704121 -0.000200112218570795 9.87921883281987e-05 -1.38610595904634e-05 -0.000805306026620514
hp_F_T_EE: 0.707099974155426 -0.707099974155426 0 0 0.707099974155426 0.707099974155426 0 0 0 0 1 0 0 0 0.103399999439716 1
hp_EE_T_K: 1 0 0 0 0 1 0 0 0 0 1 0 0 0 0 1
hp_F_x_Ctotal: -0.00999999977648258 0 0.0299999993294477
hp_I_total: 0.00100000004749745 0 0 0 0.00249999994412065 0 0 0 0.00170000002253801
hp_O_ddP_O: 0 0 -9.81
hp_m_total: 0.730000019073486
tau_J: 0.336973 -3.998167 -0.699750 22.697765 0.421780 2.478076 0.083506
load_model_ms: 7.484
gravity: -0.000000 -3.889349 -0.708269 21.854962 0.767463 2.248881 -0.000011
coriolis: -0.000000 0.000000 -0.000000 -0.000000 -0.000000 -0.000000 0.000000
mass: 0.502763 -0.005955 0.475900 -0.002448 0.052775 -0.000504 -0.002837 -0.005955 1.548872 -0.022474 -0.686108 -0.007876 -0.033427 -0.000856 0.475900 -0.022474 0.969532 -0.014565 0.061694 0.000687 -0.003362 -0.002448 -0.686108 -0.014565 0.944084 0.020810 0.118620 0.001159 0.052775 -0.007876 0.061694 0.020810 0.022920 -0.001544 0.002071 -0.000504 -0.033427 0.000687 0.118620 -0.001544 0.044380 0.001250 -0.002837 -0.000856 -0.003362 0.001159 0.002071 0.001250 0.002962
pose_EE: 0.999989 0.000132 -0.001331 0.000000 0.000131 -0.999990 -0.000775 0.000000 -0.001332 0.000775 -0.999999 0.000000 0.306724 0.000117 0.486454 1.000000
zeroJacobian_EE: -0.000117 0.306724 0.000000 0.000000 0.000000 1.000000 0.153454 -0.000035 -0.306724 0.000231 1.000000 0.000000 -0.000058 0.325411 -0.000133 -0.707003 0.000163 0.707211 0.128353 -0.000008 0.471792 -0.000194 -1.000000 0.000036 0.000041 0.210440 0.000163 1.000000 -0.000194 -0.000874 0.210517 -0.000109 0.087720 -0.000195 -1.000000 -0.000775 0.000000 0.000000 -0.000000 -0.001332 0.000775 -0.999999
hp_gravity: -8.67361737988404e-19 -3.88934881315325 -0.708269467096926 21.8549619950788 0.767462733492536 2.24888092151002 -1.08846192973631e-05
hp_coriolis: -1.65468076023936e-08 3.16263531271993e-08 -1.41464174269185e-08 -1.22302383649878e-08 -1.14810384662459e-09 -6.79549192152202e-09 3.68419655233235e-10
hp_mass: 0.502762729300438 -0.00595505124225653 0.475899968258981 -0.00244755077447014 0.0527749365876555 -0.000503568928853792 -0.00283739913432808 -0.00595505124225652 1.5488723504734 -0.0224740862908465 -0.686107979984455 -0.0078755010274275 -0.0334265575562714 -0.000856349062542213 0.475899968258981 -0.0224740862908465 0.969531801250573 -0.0145645002449949 0.0616940418557506 0.000687202712470576 -0.00336165015974512 -0.00244755077447013 -0.686107979984454 -0.0145645002449949 0.944084323772184 0.0208101008561443 0.11861950860202 0.0011592517687495 0.0527749365876555 -0.00787550102742751 0.0616940418557506 0.0208101008561443 0.0229204744981176 -0.00154425408732237 0.00207077715008262 -0.000503568928853796 -0.0334265575562714 0.000687202712470577 0.11861950860202 -0.00154425408732237 0.0443799344728333 0.00125042358526304 -0.00283739913432808 -0.000856349062542213 -0.00336165015974512 0.0011592517687495 0.00207077715008262 0.00125042358526304 0.00296161033642279
hp_pose_EE: 0.999989478324872 0.00013178112309431 -0.00133145578005226 0 0.000130749101948269 -0.999990064419246 -0.000775157191932631 0 -0.00133157033920659 0.000774989870289494 -0.999998813154862 0 0.306723833094119 0.00011674846342755 0.486453689094962 1
hp_zeroJacobian_EE: -0.00011674846342755 0.306723833094119 0 0 0 1 0.153453685012657 -3.53961800546162e-05 -0.306723798004771 0.000230663598010419 0.999999973397152 0 -5.75406055416097e-05 0.325410612285879 -0.00013256190839783 -0.707002545126576 0.000163079755199806 0.707210983080394 0.128352687785949 -7.71485993642008e-06 0.471791708239509 -0.000194178202587701 -0.999999980482213 3.64746436302285e-05 4.10121411731866e-05 0.210440165863659 0.000163034579792441 0.99999959896584 -0.000194210017246987 -0.000874271484359479 0.2105169871059 -0.000108986309572477 0.087719701470486 -0.000194887358685137 -0.999999680905319 -0.0007747310362538 0 0 -2.64697796016969e-23 -0.00133157033920659 0.000774989870289494 -0.999998813154862
