host: L
fci_version: V5
server_version: 5
connect_ms: 5.076
robot_mode: Idle
current_errors: []
last_motion_errors: ["joint_velocity_violation"]
control_command_success_rate: 0.000000
m_ee: 0.730000
m_load: 0.000000
m_total: 0.730000
F_x_Cee: -0.010000 0.000000 0.030000
F_x_Cload: 0.000000 0.000000 0.000000
F_x_Ctotal: -0.010000 0.000000 0.030000
I_ee: 0.001000 0.000000 0.000000 0.000000 0.002500 0.000000 0.000000 0.000000 0.001700
I_load: 0.000000 0.000000 0.000000 0.000000 0.000000 0.000000 0.000000 0.000000 0.000000
I_total: 0.001000 0.000000 0.000000 0.000000 0.002500 0.000000 0.000000 0.000000 0.001700
F_T_EE: 0.707100 -0.707100 0.000000 0.000000 0.707100 0.707100 0.000000 0.000000 0.000000 0.000000 1.000000 0.000000 0.000000 0.000000 0.103400 1.000000
EE_T_K: 1.000000 0.000000 0.000000 0.000000 0.000000 1.000000 0.000000 0.000000 0.000000 0.000000 1.000000 0.000000 0.000000 0.000000 0.000000 1.000000
O_ddP_O: 0.000000 0.000000 -9.810000
O_T_EE: 0.999989 0.000125 -0.001335 0.000000 0.000124 -0.999990 -0.000778 0.000000 -0.001335 0.000777 -0.999999 0.000000 0.306724 0.000116 0.486453 1.000000
q_read: -0.000230 -0.785248 0.000048 -2.356921 0.000811 1.570338 0.785078
dq_read: -0.000217 0.000812 -0.000871 -0.000308 -0.000127 -0.000050 0.001232
tau_J: 0.313169 -4.021970 -0.675946 22.697765 0.427273 2.484485 0.038645
q: -0.000230 -0.785248 0.000048 -2.356921 0.000811 1.570338 0.785078
dq: -0.000217 0.000812 -0.000871 -0.000308 -0.000127 -0.000050 0.001232
load_model_ms: 8.751
gravity: 0.000000 -3.889449 -0.708198 21.854973 0.767467 2.248875 -0.000011
coriolis: 0.000000 -0.000001 -0.000000 -0.000001 -0.000000 -0.000000 0.000000
mass: 0.502764 -0.005952 0.475903 -0.002449 0.052775 -0.000504 -0.002837 -0.005952 1.548872 -0.022473 -0.686108 -0.007876 -0.033426 -0.000856 0.475903 -0.022473 0.969532 -0.014564 0.061694 0.000687 -0.003362 -0.002449 -0.686108 -0.014564 0.944084 0.020810 0.118619 0.001159 0.052775 -0.007876 0.061694 0.020810 0.022921 -0.001544 0.002071 -0.000504 -0.033426 0.000687 0.118619 -0.001544 0.044380 0.001250 -0.002837 -0.000856 -0.003362 0.001159 0.002071 0.001250 0.002962
pose_EE: 0.999989 0.000125 -0.001335 0.000000 0.000124 -0.999990 -0.000778 0.000000 -0.001335 0.000777 -0.999999 0.000000 0.306724 0.000116 0.486453 1.000000
zeroJacobian_EE: -0.000116 0.306724 0.000000 0.000000 0.000000 1.000000 0.153453 -0.000035 -0.306724 0.000230 1.000000 0.000000 -0.000057 0.325410 -0.000132 -0.707000 0.000162 0.707213 0.128354 -0.000009 0.471791 -0.000196 -1.000000 0.000034 0.000041 0.210440 0.000164 1.000000 -0.000196 -0.000877 0.210517 -0.000110 0.087719 -0.000197 -1.000000 -0.000777 -0.000000 0.000000 0.000000 -0.001335 0.000777 -0.999999
