host: L
fci_version: V5
server_version: 5
connect_ms: 3.426
robot_mode: Idle
current_errors: []
last_motion_errors: ["joint_velocity_violation"]
control_command_success_rate: 0.000000
m_ee: 0.730000
m_load: 0.000000
m_total: 0.730000
F_x_Cee: -0.010000 0.000000 0.030000
F_x_Cload: 0.000000 0.000000 0.000000
F_x_Ctotal: -0.010000 0.000000 0.030000
I_ee: 0.001000 0.000000 0.000000 0.000000 0.002500 0.000000 0.000000 0.000000 0.001700
I_load: 0.000000 0.000000 0.000000 0.000000 0.000000 0.000000 0.000000 0.000000 0.000000
I_total: 0.001000 0.000000 0.000000 0.000000 0.002500 0.000000 0.000000 0.000000 0.001700
F_T_EE: 0.707100 -0.707100 0.000000 0.000000 0.707100 0.707100 0.000000 0.000000 0.000000 0.000000 1.000000 0.000000 0.000000 0.000000 0.103400 1.000000
EE_T_K: 1.000000 0.000000 0.000000 0.000000 0.000000 1.000000 0.000000 0.000000 0.000000 0.000000 1.000000 0.000000 0.000000 0.000000 0.000000 1.000000
O_ddP_O: 0.000000 0.000000 -9.810000
O_T_EE: 0.999989 0.000131 -0.001336 0.000000 0.000130 -0.999990 -0.000777 0.000000 -0.001336 0.000777 -0.999999 0.000000 0.306724 0.000116 0.486452 1.000000
q_read: -0.000229 -0.785247 0.000048 -2.356921 0.000811 1.570338 0.785073
dq_read: -0.000079 0.000814 -0.000933 -0.000541 0.000025 -0.000296 -0.000042
tau_J: 0.313169 -4.021970 -0.675946 22.697765 0.427273 2.484485 0.083506
overrides_from: cpp_L.txt
q: -0.000231 -0.785251 0.000052 -2.356921 0.000811 1.570339 0.785073
dq: -0.000481 -0.000048 0.000109 -0.000200 0.000099 -0.000014 -0.000805
load_model_ms: 9.111
gravity: -0.000000 -3.889349 -0.708269 21.854962 0.767463 2.248881 -0.000011
coriolis: -0.000000 0.000000 -0.000000 -0.000000 -0.000000 -0.000000 0.000000
mass: 0.502763 -0.005955 0.475900 -0.002448 0.052775 -0.000504 -0.002837 -0.005955 1.548872 -0.022474 -0.686108 -0.007876 -0.033427 -0.000856 0.475900 -0.022474 0.969532 -0.014565 0.061694 0.000687 -0.003362 -0.002448 -0.686108 -0.014565 0.944084 0.020810 0.118620 0.001159 0.052775 -0.007876 0.061694 0.020810 0.022920 -0.001544 0.002071 -0.000504 -0.033427 0.000687 0.118620 -0.001544 0.044380 0.001250 -0.002837 -0.000856 -0.003362 0.001159 0.002071 0.001250 0.002962
pose_EE: 0.999989 0.000132 -0.001331 0.000000 0.000131 -0.999990 -0.000775 0.000000 -0.001332 0.000775 -0.999999 0.000000 0.306724 0.000117 0.486454 1.000000
zeroJacobian_EE: -0.000117 0.306724 0.000000 0.000000 0.000000 1.000000 0.153454 -0.000035 -0.306724 0.000231 1.000000 0.000000 -0.000058 0.325411 -0.000133 -0.707003 0.000163 0.707211 0.128353 -0.000008 0.471792 -0.000194 -1.000000 0.000036 0.000041 0.210440 0.000163 1.000000 -0.000194 -0.000874 0.210517 -0.000109 0.087720 -0.000195 -1.000000 -0.000775 0.000000 0.000000 0.000000 -0.001332 0.000775 -0.999999
hp_q: -2.306636000558550e-4 -7.852507888057780e-1 5.159053942238500e-5 -2.356921386531590e0 8.112060674151740e-4 1.570338876909680e0 7.850725253878370e-1
hp_dq: -4.808411990987480e-4 -4.809052707847540e-5 1.091342687041210e-4 -2.001122185707950e-4 9.879218832819870e-5 -1.386105959046340e-5 -8.053060266205141e-4
hp_gravity: -2.602085213965211e-18 -3.889348813153227e0 -7.082694670969257e-1 2.185496199507882e1 7.674627334925361e-1 2.248880921510024e0 -1.088461929730780e-5
hp_coriolis: -1.654680760239387e-8 3.162635312720007e-8 -1.414641742691905e-8 -1.223023836498791e-8 -1.148103846624639e-9 -6.795491921521962e-9 3.684196552332350e-10
hp_mass: 5.027627293004370e-1 -5.955051242256600e-3 4.758999682589815e-1 -2.447550774470050e-3 5.277493658765554e-2 -5.035689288538023e-4 -2.837399134328077e-3 -5.955051242256592e-3 1.548872350473411e0 -2.247408629084653e-2 -6.861079799844576e-1 -7.875501027427595e-3 -3.342655755627161e-2 -8.563490625422140e-4 4.758999682589816e-1 -2.247408629084655e-2 9.695318012505776e-1 -1.456450024499482e-2 6.169404185575086e-2 6.872027124705620e-4 -3.361650159745123e-3 -2.447550774470052e-3 -6.861079799844576e-1 -1.456450024499483e-2 9.440843237721837e-1 2.081010085614433e-2 1.186195086020199e-1 1.159251768749500e-3 5.277493658765553e-2 -7.875501027427602e-3 6.169404185575087e-2 2.081010085614433e-2 2.292047449811760e-2 -1.544254087322376e-3 2.070777150082617e-3 -5.035689288538035e-4 -3.342655755627164e-2 6.872027124705706e-4 1.186195086020199e-1 -1.544254087322376e-3 4.437993447283331e-2 1.250423585263037e-3 -2.837399134328077e-3 -8.563490625422141e-4 -3.361650159745124e-3 1.159251768749500e-3 2.070777150082617e-3 1.250423585263037e-3 2.961610336422791e-3
hp_pose_EE: 9.999894783248721e-1 1.317811230939214e-4 -1.331455780047038e-3 0.000000000000000e0 1.307491019478801e-4 -9.999900644192463e-1 -7.751571919326291e-4 0.000000000000000e0 -1.331570339201317e-3 7.749898702894933e-4 -9.999988131548622e-1 0.000000000000000e0 3.067238330941197e-1 1.167484634275502e-4 4.864536890949648e-1 1.000000000000000e0
hp_zeroJacobian_EE: -1.167484634275502e-4 3.067238330941197e-1 0.000000000000000e0 0.000000000000000e0 0.000000000000000e0 1.000000000000000e0 1.534536850126597e-1 -3.539618005461674e-5 -3.067237980047714e-1 2.306635980104188e-4 9.999999733971520e-1 0.000000000000000e0 -5.754060554160921e-5 3.254106122858814e-1 -1.325619083978301e-4 -7.070025451265767e-1 1.630797551998056e-4 7.072109830803933e-1 1.283526877859460e-1 -7.714859936419495e-6 4.717917082395092e-1 -1.941782025877011e-4 -9.999999804822127e-1 3.647464363022854e-5 4.101214117318569e-5 2.104401658636586e-1 1.630345797924412e-4 9.999995989658401e-1 -1.942100172469864e-4 -8.742714843547050e-4 2.105169871058995e-1 -1.089863095724770e-4 8.771970147048702e-2 -1.948873586851324e-4 -9.999996809053185e-1 -7.747310362538008e-4 0.000000000000000e0 0.000000000000000e0 0.000000000000000e0 -1.331570339201317e-3 7.749898702894933e-4 -9.999988131548622e-1
