====================================================================================================
Franka Emika Robot (FER, FCI v5) robot-state arrival analysis
capture            : left_rust_sw2.pcap
flow               : robot <robot-ip>:55552 -> client <host-ip>:46084
thresholds         : gap >= 1.50 ms, burst window 3.0 ms, state/command match +/- 2.0 ms
wire offsets       : state message_id/robot-time u64 LE @0, command message_id u64 LE @0
====================================================================================================

-- capture ---------------------------------------------------------
  link-layer types           : 1
  packets read               : 179994  (IPv4: 179994)
  reassembled UDP datagrams  : 89997
  incomplete fragment sets   : 0
  snaplen-truncated datagrams: 0
  datagrams outside the flow : 0
  capture span               : 89.995 s

-- robot -> host state stream --------------------------------------
  complete state datagrams   : 89997
  payload lengths            : 2373 B x89997
  IP fragments per datagram  : 2
  message_id range           : 18072350 .. 18162346
  expected from id range     : 89997
  missing ids                : 0  (max consecutive: 0, duplicates: 0)

  inter-arrival and fragment timing (microseconds)
  state gap, FIRST fragment    n=89996   min=      0.0  p50=    999.3  p99=   1213.6  p999=   4046.5  max=   6667.6  mean=   1000.0
  state gap, LAST fragment     n=89996   min=      0.0  p50=    999.3  p99=   1213.6  p999=   4046.5  max=   6667.7  mean=   1000.0
  first->last fragment         n=89997   min=      0.0  p50=      0.0  p99=      0.2  p999=    105.9  max=    173.8  mean=      0.6
    of those, exactly 0 us      : 0 of 89997 (0.0%)

-- state gaps >= 1.50 ms --------------------------------------------
     t_off[s]     gap_us  gap_last_us    id_before     id_after  consec  robot_dt_ms  next_3ms
    0.027370     4390.4       4390.5     18072373     18072374  yes               1      6 BURST
    0.735365     6440.9       6440.9     18073079     18073080  yes               1      8 BURST
    0.825465     2541.1       2541.1     18073173     18073174  yes               1      4 BURST
    1.031340     4310.8       4310.8     18073377     18073378  yes               1      6 BURST
    1.139040     5078.1       5078.1     18073484     18073485  yes               1      6 BURST
    1.242047     2099.3       2099.3     18073590     18073591  yes               1      4 BURST
    1.339347     3408.1       3408.0     18073686     18073687  yes               1      5 BURST
    1.437569     2633.4       2633.4     18073785     18073786  yes               1      4 BURST
    1.635313     3267.8       3267.8     18073982     18073983  yes               1      5 BURST
    1.739346     4393.4       4393.3     18074085     18074086  yes               1      6 BURST
    1.839308     2352.6       2352.5     18074187     18074188  yes               1      4 BURST
    1.942061     3117.0       3116.9     18074289     18074290  yes               1      5 BURST
    2.055347     3427.2       3427.2     18074402     18074403  yes               1      5 BURST
    2.147317     3367.8       3367.8     18074494     18074495  yes               1      5 BURST
    2.245914     2955.4       2955.4     18074593     18074594  yes               1      4 BURST
    2.359326     4058.2       4058.2     18074705     18074706  yes               1      6 BURST
    2.551339     2370.2       2370.2     18074899     18074900  yes               1      4 BURST
    2.650047     3127.6       3127.6     18074997     18074998  yes               1      5 BURST
    2.693619     1751.8       1751.9     18075042     18075043  yes               1      3 cadence
    2.747303     4042.9       4042.8     18075093     18075094  yes               1      6 BURST
    2.837045     1807.8       1807.8     18075185     18075186  yes               1      4 BURST
    3.162818     2763.9       2763.9     18075510     18075511  yes               1      4 BURST
    3.760961     2108.3       2108.3     18076109     18076110  yes               1      4 BURST
    3.864038     4176.0       4176.0     18076210     18076211  yes               1      6 BURST
    3.962748     2728.2       2728.2     18076310     18076311  yes               1      4 BURST
    4.142041     3162.2       3162.2     18076489     18076490  yes               1      5 BURST
    4.162907     3004.5       3004.5     18076510     18076511  yes               1      5 BURST
    4.229397     2550.9       2550.8     18076577     18076578  yes               1      4 BURST
    4.771266     3374.2       3374.2     18077118     18077119  yes               1      5 BURST
    5.082026     3190.1       3190.0     18077429     18077430  yes               1      5 BURST
    5.181588     2350.4       2350.4     18077529     18077530  yes               1      4 BURST
    5.779255     3337.2       3337.2     18078126     18078127  yes               1      5 BURST
    5.883235     3201.3       3201.3     18078230     18078231  yes               1      5 BURST
    5.980026     2127.9       2127.9     18078328     18078329  yes               1      4 BURST
    6.095248     3203.6       3203.6     18078442     18078443  yes               1      5 BURST
    6.195277     3294.8       3294.3     18078542     18078543  yes               1      5 BURST
    6.337431     2504.7       2504.7     18078685     18078686  yes               1      4 BURST
    6.663591     1792.6       1792.6     18079012     18079013  yes               1      3 cadence
    6.895215     3251.5       3251.4     18079242     18079243  yes               1      5 BURST
    6.991223     2319.4       2319.4     18079339     18079340  yes               1      4 BURST
    7.109348     2454.5       2454.5     18079457     18079458  yes               1      4 BURST
    7.209269     2014.4       2014.4     18079557     18079558  yes               1      4 BURST
    7.307251     4044.2       4044.2     18079653     18079654  yes               1      6 BURST
    7.399282     2490.6       2490.6     18079747     18079748  yes               1      4 BURST
    7.519253     4427.0       4426.9     18079865     18079866  yes               1      6 BURST
    7.609307     4406.9       4406.9     18079955     18079956  yes               1      6 BURST
    7.706893     4075.4       4075.4     18080053     18080054  yes               1      6 BURST
    7.903212     2351.4       2351.4     18080251     18080252  yes               1      4 BURST
    8.002059     3129.9       3129.9     18080349     18080350  yes               1      5 BURST
    8.319225     3381.2       3381.2     18080666     18080667  yes               1      5 BURST
    8.419256     4423.7       4423.7     18080765     18080766  yes               1      6 BURST
    8.507218     3353.4       3353.3     18080854     18080855  yes               1      5 BURST
    8.673578     1799.9       1799.9     18081022     18081023  yes               1      3 cadence
    8.717408     3547.6       3547.6     18081064     18081065  yes               1      5 BURST
    8.818726     3819.2       3819.2     18081165     18081166  yes               1      5 BURST
    8.921857     1901.2       1901.2     18081270     18081271  yes               1      4 BURST
    9.122051     3271.1       3271.1     18081469     18081470  yes               1      5 BURST
    9.527215     4396.3       4396.3     18081873     18081874  yes               1      6 BURST
    9.631234     4064.7       4064.7     18081977     18081978  yes               1      6 BURST
    9.727200     3355.7       3355.6     18082074     18082075  yes               1      5 BURST
    9.941990     2031.2       2031.2     18082290     18082291  yes               1      4 BURST
   10.027208     2396.7       2396.8     18082375     18082376  yes               1      4 BURST
   10.129228     2450.8       2450.8     18082477     18082478  yes               1      4 BURST
   10.235190     2381.6       2381.6     18082583     18082584  yes               1      4 BURST
   10.642318     3546.0       3546.0     18082989     18082990  yes               1      5 BURST
   10.743172     2389.3       2389.3     18083091     18083092  yes               1      4 BURST
   10.745240     2067.5       2067.5     18083093     18083094  yes               1      4 BURST
   11.654774     4834.5       4834.4     18084000     18084001  yes               1      7 BURST
   11.749208     3343.7       3343.6     18084096     18084097  yes               1      5 BURST
   11.847179     3298.8       3298.8     18084194     18084195  yes               1      5 BURST
   12.047201     4373.3       4373.2     18084393     18084394  yes               1      6 BURST
   12.367198     3452.5       3452.5     18084714     18084715  yes               1      5 BURST
   12.390622     1897.7       1897.7     18084739     18084740  yes               1      3 cadence
   12.407178     3400.2       3400.2     18084754     18084755  yes               1      5 BURST
   12.469224     2509.4       2509.4     18084817     18084818  yes               1      4 BURST
   12.563217     2121.6       2121.6     18084911     18084912  yes               1      4 BURST
   12.966346     3209.7       3209.7     18085313     18085314  yes               1      5 BURST
   13.079172     2456.6       2456.6     18085427     18085428  yes               1      4 BURST
   13.675174     4410.5       4410.5     18086021     18086022  yes               1      6 BURST
   13.766949     4160.0       4160.0     18086113     18086114  yes               1      6 BURST
   13.875172     4407.3       4407.3     18086221     18086222  yes               1      6 BURST
   14.248230     1501.1       1501.1     18086597     18086598  yes               1      3 cadence
   14.251131     2900.1       2900.1     18086598     18086599  yes               1      5 BURST
   14.307168     2353.7       2353.7     18086655     18086656  yes               1      4 BURST
   14.399193     3426.4       3426.4     18086746     18086747  yes               1      5 BURST
   14.424772     3037.8       3037.8     18086772     18086773  yes               1      5 BURST
   14.487121     4006.9       4006.9     18086833     18086834  yes               1      6 BURST
   14.581136     1989.5       1989.5     18086929     18086930  yes               1      4 BURST
   14.675142     2360.6       2360.6     18087023     18087024  yes               1      4 BURST
   14.779150     4043.0       4043.0     18087125     18087126  yes               1      6 BURST
   14.895187     3324.5       3324.4     18087242     18087243  yes               1      5 BURST
   15.487145     3389.4       3389.4     18087834     18087835  yes               1      5 BURST
   15.587128     3363.7       3363.7     18087934     18087935  yes               1      5 BURST
   15.673601     1842.0       1842.0     18088022     18088023  yes               1      3 cadence
   15.689162     2060.9       2060.9     18088037     18088038  yes               1      4 BURST
   15.789143     4379.5       4506.3     18088135     18088136  yes               1      6 BURST
   16.701410     1501.5       1578.6     18089050     18089051  yes               1      3 cadence
   16.805507     2418.5       2418.6     18089153     18089154  yes               1      4 BURST
   16.990958     2284.2       2284.2     18089339     18089340  yes               1      4 BURST
   17.507122     4407.0       4407.0     18089853     18089854  yes               1      6 BURST
   17.609163     4427.9       4427.9     18089955     18089956  yes               1      6 BURST
   17.673451     1799.4       1799.4     18090022     18090023  yes               1      3 cadence
   17.707100     2375.4       2375.4     18090055     18090056  yes               1      4 BURST
   17.809142     2061.6       2061.6     18090157     18090158  yes               1      4 BURST
   18.015086     3276.6       3276.6     18090362     18090363  yes               1      5 BURST
   18.457322     2271.0       2271.0     18090805     18090806  yes               1      4 BURST
   18.527114     4046.5       4046.5     18090873     18090874  yes               1      6 BURST
   18.627109     5293.3       5293.4     18090972     18090973  yes               1      7 BURST
   18.673414     1775.2       1775.2     18091022     18091023  yes               1      3 cadence
   18.719137     3431.5       3431.5     18091066     18091067  yes               1      5 BURST
   18.925198     3554.9       3554.9     18091272     18091273  yes               1      5 BURST
   19.356306     1656.7       1656.7     18091705     18091706  yes               1      3 cadence
   19.427088     3372.0       3372.0     18091774     18091775  yes               1      5 BURST
   19.527076     2366.8       2366.9     18091875     18091876  yes               1      4 BURST
   19.631075     2338.8       2338.8     18091979     18091980  yes               1      4 BURST
   19.728494     1783.6       1783.6     18092077     18092078  yes               1      3 cadence
   19.734335     2543.1       2543.1     18092082     18092083  yes               1      4 BURST
   20.178762     2155.0       2155.0     18092527     18092528  yes               1      4 BURST
   20.541892     2085.9       2085.9     18092890     18092891  yes               1      4 BURST
   20.643059     3419.8       3419.8     18092990     18092991  yes               1      5 BURST
   20.745170     3552.3       3552.3     18093092     18093093  yes               1      5 BURST
   20.947049     3333.6       3333.6     18093294     18093295  yes               1      5 BURST
   21.550629     3966.8       3966.8     18093897     18093898  yes               1      5 BURST
   21.673448     1847.8       1847.8     18094022     18094023  yes               1      3 cadence
   21.755050     4038.2       4038.2     18094101     18094102  yes               1      6 BURST
   21.859057     3418.1       3418.1     18094206     18094207  yes               1      5 BURST
   21.969077     2017.2       2017.2     18094317     18094318  yes               1      4 BURST
   22.369071     2425.6       2425.6     18094717     18094718  yes               1      4 BURST
   22.459068     2431.7       2431.7     18094807     18094808  yes               1      4 BURST
   22.567061     4407.4       4407.4     18094913     18094914  yes               1      6 BURST
   22.663038     2369.6       2369.6     18095011     18095012  yes               1      1 cadence
   22.667056     4018.2       4018.2     18095013     18095014  yes               1      6 BURST
   22.761788     2147.1       2147.1     18095110     18095111  yes               1      4 BURST
   22.881803     2189.9       2189.9     18095230     18095231  yes               1      4 BURST
   23.061851     2275.3       2275.3     18095410     18095411  yes               1      4 BURST
   23.271050     4381.2       4381.2     18095617     18095618  yes               1      6 BURST
   23.379054     4463.0       4463.0     18095725     18095726  yes               1      6 BURST
   23.475071     6413.2       6413.2     18095819     18095820  yes               1      8 BURST
   23.579041     2968.6       2968.6     18095926     18095927  yes               1      5 BURST
   23.679042     4011.1       4011.1     18096025     18096026  yes               1      6 BURST
   23.774249     3657.3       3657.3     18096121     18096122  yes               1      5 BURST
   23.875053     2383.3       2383.3     18096223     18096224  yes               1      4 BURST
   24.079041     2400.7       2400.7     18096427     18096428  yes               1      4 BURST
   24.279023     2456.3       2349.4     18096627     18096628  yes               1      4 BURST
   24.281667     2644.2       2644.2     18096629     18096630  yes               1      5 BURST
   24.449040     2441.0       2441.1     18096797     18096798  yes               1      4 BURST
   25.201760     2169.2       2169.2     18097550     18097551  yes               1      4 BURST
   25.299041     4425.0       4425.0     18097645     18097646  yes               1      6 BURST
   25.407038     2489.9       2489.9     18097755     18097756  yes               1      4 BURST
   25.501748     3133.3       3133.3     18097849     18097850  yes               1      5 BURST
   25.803034     2475.9       2475.8     18098151     18098152  yes               1      4 BURST
   25.905322     2309.9       2309.9     18098253     18098254  yes               1      4 BURST
   26.001739     1999.1       1999.1     18098350     18098351  yes               1      4 BURST
   26.105467     2502.9       2502.7     18098453     18098454  yes               1      4 BURST
   26.311056     3441.8       3441.8     18098658     18098659  yes               1      5 BURST
   26.419091     3506.6       3506.6     18098766     18098767  yes               1      5 BURST
   26.619070     4051.5       4051.5     18098965     18098966  yes               1      6 BURST
   26.673080     1551.5       1551.4     18099022     18099023  yes               1      3 cadence
   26.720982     2402.3       2402.3     18099069     18099070  yes               1      4 BURST
   27.102062     2424.5       2424.5     18099450     18099451  yes               1      4 BURST
   27.119038     2443.7       2443.6     18099467     18099468  yes               1      4 BURST
   27.120592     1553.9       1553.9     18099469     18099470  yes               1      4 BURST
   27.191170     1574.1       1574.1     18099540     18099541  yes               1      3 cadence
   27.227021     4446.0       4446.0     18099573     18099574  yes               1      6 BURST
   27.421735     2163.7       2163.7     18099770     18099771  yes               1      4 BURST
   27.519062     3470.8       3470.8     18099866     18099867  yes               1      5 BURST
   27.627038     4427.7       4427.7     18099973     18099974  yes               1      6 BURST
   27.673268     1742.1       1742.1     18100022     18100023  yes               1      3 cadence
   27.835063     3494.4       3494.4     18100182     18100183  yes               1      5 BURST
   27.926981     4395.3       4395.3     18100273     18100274  yes               1      6 BURST
   28.019054     2464.0       2464.0     18100367     18100368  yes               1      4 BURST
   28.178328     1767.6       1767.6     18100527     18100528  yes               1      3 cadence
   28.227078     4485.2       4485.2     18100573     18100574  yes               1      6 BURST
   28.335040     4473.6       4473.6     18100681     18100682  yes               1      6 BURST
   28.435030     2442.0       2442.0     18100783     18100784  yes               1      1 cadence
   28.439009     3978.5       3978.5     18100785     18100786  yes               1      6 BURST
   29.345214     3691.8       3691.8     18101692     18101693  yes               1      5 BURST
   29.642991     2419.7       2419.7     18101991     18101992  yes               1      4 BURST
   30.346970     2395.6       2395.6     18102695     18102696  yes               1      4 BURST
   30.862953     2370.3       2370.3     18103211     18103212  yes               1      4 BURST
   30.958977     2458.7       2458.8     18103307     18103308  yes               1      4 BURST
   31.078054     3127.1       3127.1     18103425     18103426  yes               1      5 BURST
   31.151541     1859.9       1859.9     18103500     18103501  yes               1      4 BURST
   31.178734     3791.8       3791.8     18103525     18103526  yes               1      6 BURST
   31.274935     3431.3       3431.3     18103622     18103623  yes               1      5 BURST
   31.366968     4054.1       4054.1     18103713     18103714  yes               1      6 BURST
   31.379023     1563.3       1563.3     18103728     18103729  yes               1      3 cadence
   31.459027     4501.1       4501.1     18103805     18103806  yes               1      6 BURST
   31.558944     2377.0       2377.0     18103907     18103908  yes               1      4 BURST
   31.561122     2178.6       2178.6     18103909     18103910  yes               1      4 BURST
   31.662932     3429.1       3429.1     18104010     18104011  yes               1      5 BURST
   31.766957     4017.3       4017.4     18104113     18104114  yes               1      6 BURST
   31.861681     2017.2       2017.2     18104210     18104211  yes               1      4 BURST
   32.082911     3442.3       3442.3     18104430     18104431  yes               1      5 BURST
   32.174934     3288.7       3288.7     18104522     18104523  yes               1      5 BURST
   32.277916     2983.9       2983.9     18104625     18104626  yes               1      5 BURST
   32.378066     3584.2       3584.2     18104725     18104726  yes               1      5 BURST
   32.478233     3338.4       3338.3     18104825     18104826  yes               1      5 BURST
   32.582943     4432.1       4432.1     18104929     18104930  yes               1      6 BURST
   32.614807     3334.4       3334.3     18104962     18104963  yes               1      5 BURST
   32.678917     3350.0       3350.0     18105026     18105027  yes               1      5 BURST
   32.788956     2474.9       2474.8     18105137     18105138  yes               1      4 BURST
   32.882927     2488.1       2488.1     18105231     18105232  yes               1      1 cadence
   32.886984     4057.2       4057.2     18105233     18105234  yes               1      6 BURST
   32.978382     3459.9       3459.9     18105325     18105326  yes               1      5 BURST
   33.586941     2439.7       2439.7     18105935     18105936  yes               1      4 BURST
   33.690967     3490.0       3489.9     18106038     18106039  yes               1      5 BURST
   33.786986     2503.7       2503.7     18106135     18106136  yes               1      4 BURST
   33.894925     4029.8       4029.8     18106241     18106242  yes               1      6 BURST
   33.994957     4519.5       4519.5     18106341     18106342  yes               1      6 BURST
   34.577831     2339.6       2339.6     18106926     18106927  yes               1      4 BURST
   34.638108     1653.1       1653.1     18106987     18106988  yes               1      3 cadence
   34.654024     2587.1       2587.1     18107002     18107003  yes               1      4 BURST
   34.806851     4340.1       4340.1     18107153     18107154  yes               1      6 BURST
   34.914916     3454.6       3454.6     18107262     18107263  yes               1      5 BURST
   35.006960     4463.1       4463.1     18107353     18107354  yes               1      6 BURST
   35.218980     4492.0       4492.0     18107565     18107566  yes               1      6 BURST
   35.514949     3461.2       3461.2     18107862     18107863  yes               1      5 BURST
   35.614891     3386.0       3386.1     18107962     18107963  yes               1      5 BURST
   35.683447     2053.6       2053.5     18108032     18108033  yes               1      4 BURST
   35.721768     3355.8       3355.7     18108069     18108070  yes               1      5 BURST
   35.809657     2168.3       2168.3     18108158     18108159  yes               1      4 BURST
   35.910872     2412.4       2412.4     18108259     18108260  yes               1      4 BURST
   36.011623     2156.8       2156.8     18108360     18108361  yes               1      4 BURST
   36.108916     2061.6       2061.5     18108457     18108458  yes               1      4 BURST
   36.151948     1558.1       1558.1     18108501     18108502  yes               1      3 cadence
   36.848559     2147.6       2147.6     18109197     18109198  yes               1      4 BURST
   37.041607     2201.2       2201.1     18109390     18109391  yes               1      4 BURST
   37.121164     2290.9       2290.9     18109469     18109470  yes               1      4 BURST
   37.734952     4553.2       4553.2     18110081     18110082  yes               1      6 BURST
   37.928937     2100.4       2100.4     18110277     18110278  yes               1      4 BURST
   38.129639     2118.2       2118.2     18110478     18110479  yes               1      4 BURST
   38.179144     1741.6       1741.7     18110528     18110529  yes               1      3 cadence
   38.230896     2326.1       2326.1     18110579     18110580  yes               1      4 BURST
   38.365064     1656.6       1656.6     18110714     18110715  yes               1      3 cadence
   38.437050     2222.3       2222.2     18110785     18110786  yes               1      4 BURST
   38.534787     3338.0       3338.0     18110882     18110883  yes               1      5 BURST
   38.677043     2224.9       2224.9     18111025     18111026  yes               1      4 BURST
   38.744178     1795.0       1794.9     18111093     18111094  yes               1      3 cadence
   38.842060     2691.0       2691.0     18111190     18111191  yes               1      4 BURST
   38.938928     2474.1       2474.1     18111287     18111288  yes               1      4 BURST
   39.041152     2287.0       2287.0     18111389     18111390  yes               1      4 BURST
   39.141598     3113.1       3113.1     18111489     18111490  yes               1      5 BURST
   39.346856     3399.4       3399.3     18111694     18111695  yes               1      5 BURST
   39.369157     1766.7       1766.6     18111718     18111719  yes               1      3 cadence
   39.446842     4053.4       4053.4     18111793     18111794  yes               1      6 BURST
   39.546845     4378.5       4378.5     18111893     18111894  yes               1      6 BURST
   40.062883     2471.2       2471.1     18112411     18112412  yes               1      4 BURST
   40.152968     3594.8       3594.8     18112500     18112501  yes               1      5 BURST
   40.179209     1813.7       1813.7     18112528     18112529  yes               1      3 cadence
   40.258887     2516.0       2516.0     18112607     18112608  yes               1      4 BURST
   40.369629     4294.9       4294.8     18112716     18112717  yes               1      6 BURST
   40.562874     3417.1       3417.1     18112910     18112911  yes               1      5 BURST
   40.782051     3700.5       3700.4     18113129     18113130  yes               1      5 BURST
   40.848912     1553.7       1553.7     18113198     18113199  yes               1      3 cadence
   41.181615     2001.8       2001.9     18113530     18113531  yes               1      4 BURST
   41.268848     2063.5       2063.5     18113617     18113618  yes               1      4 BURST
   41.478877     2481.1       2481.1     18113827     18113828  yes               1      4 BURST
   41.541936     1615.9       1615.9     18113891     18113892  yes               1      3 cadence
   41.582811     3413.7       3413.7     18113930     18113931  yes               1      5 BURST
   41.678907     1552.9       1552.9     18114028     18114029  yes               1      3 cadence
   41.694147     2801.0       2801.0     18114042     18114043  yes               1      4 BURST
   41.782800     2395.6       2395.6     18114131     18114132  yes               1      4 BURST
   41.847321     2009.8       2009.7     18114196     18114197  yes               1      4 BURST
   41.978804     4024.7       4024.7     18114325     18114326  yes               1      6 BURST
   42.181612     2054.1       2054.1     18114530     18114531  yes               1      4 BURST
   42.381565     2214.5       2214.4     18114730     18114731  yes               1      4 BURST
   42.480907     4581.4       4581.4     18114827     18114828  yes               1      6 BURST
   42.902795     3388.3       3388.2     18115250     18115251  yes               1      5 BURST
   42.994820     3272.0       3272.0     18115342     18115343  yes               1      5 BURST
   43.094802     3449.2       3449.2     18115442     18115443  yes               1      5 BURST
   43.309566     3225.2       3225.2     18115657     18115658  yes               1      5 BURST
   43.498808     2514.5       2514.5     18115847     18115848  yes               1      4 BURST
   43.701785     3032.4       3032.4     18116049     18116050  yes               1      5 BURST
   44.308873     2594.5       2594.4     18116657     18116658  yes               1      4 BURST
   44.608797     2527.2       2527.2     18116957     18116958  yes               1      4 BURST
   45.208843     1564.4       1564.4     18117558     18117559  yes               1      3 cadence
   45.326777     2464.4       2464.4     18117675     18117676  yes               1      4 BURST
   45.518775     2471.2       2471.1     18117867     18117868  yes               1      4 BURST
   45.683036     1776.9       1777.0     18118032     18118033  yes               1      3 cadence
   45.722797     2508.9       2508.8     18118071     18118072  yes               1      4 BURST
   45.822780     2454.2       2454.1     18118171     18118172  yes               1      4 BURST
   45.926761     2494.1       2494.1     18118275     18118276  yes               1      1 cadence
   45.930774     4013.9       4013.9     18118277     18118278  yes               1      6 BURST
   46.021557     2221.1       2221.0     18118370     18118371  yes               1      4 BURST
   46.130767     3458.5       3458.4     18118478     18118479  yes               1      5 BURST
   46.238712     4429.8       4429.8     18118585     18118586  yes               1      6 BURST
   46.240559     1787.5       1787.5     18118589     18118590  yes               1      4 BURST
   46.322728     3422.9       3422.8     18118670     18118671  yes               1      5 BURST
   46.325582     2854.0       2802.0     18118673     18118674  yes               1      5 BURST
   46.434745     3238.4       3238.4     18118782     18118783  yes               1      5 BURST
   46.530768     4392.4       4392.3     18118877     18118878  yes               1      6 BURST
   46.728776     2057.9       2057.9     18119077     18119078  yes               1      4 BURST
   46.766502     3199.8       3199.8     18119114     18119115  yes               1      5 BURST
   46.834757     3455.2       3455.2     18119182     18119183  yes               1      5 BURST
   46.930755     2478.1       2478.0     18119279     18119280  yes               1      4 BURST
   47.038802     4492.8       4492.7     18119385     18119386  yes               1      6 BURST
   47.138768     3508.5       3508.5     18119486     18119487  yes               1      5 BURST
   47.248791     2450.9       2450.8     18119597     18119598  yes               1      4 BURST
   47.342749     3458.1       3458.1     18119690     18119691  yes               1      5 BURST
   47.534740     2414.1       2414.1     18119883     18119884  yes               1      4 BURST
   47.683246     2015.8       2015.8     18120032     18120033  yes               1      4 BURST
   47.744848     3604.0       3604.0     18120092     18120093  yes               1      5 BURST
   48.148768     2079.4       2079.4     18120497     18120498  yes               1      4 BURST
   48.361531     2049.8       2049.8     18120710     18120711  yes               1      4 BURST
   48.450741     4484.8       4484.8     18120797     18120798  yes               1      6 BURST
   48.703054     1829.9       1829.9     18121052     18121053  yes               1      3 cadence
   48.754746     5399.1       5399.1     18121100     18121101  yes               1      7 BURST
   48.786382     3107.4       3107.2     18121134     18121135  yes               1      5 BURST
   48.853114     3843.5       3843.4     18121200     18121201  yes               1      5 BURST
   48.951472     2146.5       2146.5     18121300     18121301  yes               1      4 BURST
   48.976140     3925.0       3925.0     18121323     18121324  yes               1      5 BURST
   49.054723     3277.3       3277.2     18121402     18121403  yes               1      5 BURST
   49.161460     1955.0       1955.1     18121510     18121511  yes               1      4 BURST
   49.258720     1516.6       1516.6     18121608     18121609  yes               1      3 cadence
   49.345720     2507.1       2507.1     18121694     18121695  yes               1      4 BURST
   49.366743     2505.1       2505.1     18121715     18121716  yes               1      4 BURST
   49.466711     3485.0       3485.0     18121814     18121815  yes               1      5 BURST
   49.565865     1656.6       1656.6     18121915     18121916  yes               1      1 cadence
   49.570739     4025.6       4025.6     18121917     18121918  yes               1      6 BURST
   49.666713     3484.3       3484.3     18122014     18122015  yes               1      5 BURST
   49.866711     4033.2       4033.2     18122213     18122214  yes               1      6 BURST
   49.970717     3453.4       3453.4     18122318     18122319  yes               1      5 BURST
   50.070697     2449.6       2449.6     18122419     18122420  yes               1      4 BURST
   50.166715     2491.7       2385.0     18122515     18122516  yes               1      4 BURST
   50.474709     2494.2       2494.3     18122823     18122824  yes               1      1 cadence
   50.478739     4029.9       4029.9     18122825     18122826  yes               1      6 BURST
   50.674692     3461.7       3461.7     18123022     18123023  yes               1      5 BURST
   50.781477     2289.3       2289.3     18123130     18123131  yes               1      4 BURST
   50.808703     1500.2       1500.2     18123158     18123159  yes               1      3 cadence
   50.877226     2989.6       2989.6     18123225     18123226  yes               1      4 BURST
   50.981502     3212.9       3212.9     18123329     18123330  yes               1      5 BURST
   51.078709     2490.4       2490.4     18123427     18123428  yes               1      4 BURST
   51.182696     2489.8       2489.8     18123531     18123532  yes               1      4 BURST
   51.366465     2243.1       2243.1     18123715     18123716  yes               1      4 BURST
   51.407909     1721.4       1721.4     18123757     18123758  yes               1      3 cadence
   51.488716     2060.9       2060.9     18123837     18123838  yes               1      4 BURST
   51.582687     3218.0       3218.0     18123930     18123931  yes               1      5 BURST
   51.685610     3404.1       3404.1     18124033     18124034  yes               1      5 BURST
   51.778709     2472.8       2472.8     18124127     18124128  yes               1      4 BURST
   51.886694     4401.8       4401.8     18124233     18124234  yes               1      6 BURST
   51.994664     2489.5       2489.5     18124343     18124344  yes               1      4 BURST
   52.194703     2534.7       2534.7     18124543     18124544  yes               1      4 BURST
   52.213970     1795.0       1795.1     18124563     18124564  yes               1      3 cadence
   52.294718     3539.1       3539.1     18124642     18124643  yes               1      5 BURST
   52.406717     4086.9       4086.9     18124753     18124754  yes               1      6 BURST
   52.606749     3570.2       3570.2     18124954     18124955  yes               1      5 BURST
   52.698715     4498.2       4498.2     18125045     18125046  yes               1      6 BURST
   52.804460     3033.2       3033.1     18125152     18125153  yes               1      5 BURST
   52.834665     2510.3       2510.3     18125183     18125184  yes               1      4 BURST
   52.906681     4500.8       4500.8     18125253     18125254  yes               1      6 BURST
   53.421472     2297.4       2297.4     18125770     18125771  yes               1      4 BURST
   53.423174     1701.5       1701.5     18125772     18125773  yes               1      4 BURST
   53.692660     1509.1       1509.1     18126042     18126043  yes               1      3 cadence
   53.706626     2388.4       2388.4     18126055     18126056  yes               1      4 BURST
   54.006687     5470.6       5470.6     18126352     18126353  yes               1      7 BURST
   54.106662     3437.2       3437.2     18126454     18126455  yes               1      5 BURST
   54.181907     1667.5       1667.5     18126531     18126532  yes               1      3 cadence
   54.318758     4605.8       4605.8     18126665     18126666  yes               1      6 BURST
   54.692982     1854.6       1854.6     18127042     18127043  yes               1      3 cadence
   54.764574     2416.0       2416.0     18127113     18127114  yes               1      4 BURST
   54.849859     1699.9       1699.9     18127199     18127200  yes               1      3 cadence
   55.026664     3462.3       3462.3     18127374     18127375  yes               1      5 BURST
   55.126651     3502.6       3502.6     18127474     18127475  yes               1      5 BURST
   55.246628     5224.1       5224.1     18127592     18127593  yes               1      7 BURST
   55.625811     2629.0       2629.0     18127974     18127975  yes               1      4 BURST
   55.722621     2428.8       2428.8     18128071     18128072  yes               1      4 BURST
   55.826633     4030.7       4030.7     18128173     18128174  yes               1      6 BURST
   55.926643     4045.8       4045.8     18128273     18128274  yes               1      6 BURST
   56.026638     3456.8       3456.8     18128374     18128375  yes               1      5 BURST
   56.126615     2436.0       2436.0     18128475     18128476  yes               1      4 BURST
   56.180679     1552.7       1552.7     18128530     18128531  yes               1      3 cadence
   56.228664     3496.1       3496.1     18128576     18128577  yes               1      5 BURST
   56.642638     1503.0       1503.0     18128992     18128993  yes               1      0 cadence
   56.646629     3990.5       3990.5     18128993     18128994  yes               1      6 BURST
   56.734624     3286.2       3286.1     18129082     18129083  yes               1      5 BURST
   56.834634     2474.4       2474.4     18129183     18129184  yes               1      4 BURST
   57.138701     4551.6       4551.6     18129485     18129486  yes               1      6 BURST
   57.246605     2443.1       2443.1     18129595     18129596  yes               1      4 BURST
   57.461349     2202.2       2202.2     18129810     18129811  yes               1      4 BURST
   57.862704     3582.5       3582.5     18130210     18130211  yes               1      5 BURST
   57.960269     2167.8       2167.9     18130309     18130310  yes               1      4 BURST
   58.161343     2001.2       2001.2     18130510     18130511  yes               1      4 BURST
   58.666614     4484.7       4484.7     18131013     18131014  yes               1      6 BURST
   58.862636     2526.7       2526.7     18131211     18131212  yes               1      4 BURST
   58.910640     1544.8       1544.8     18131260     18131261  yes               1      3 cadence
   58.912960     1651.7       1651.7     18131262     18131263  yes               1      3 cadence
   58.970602     2524.0       2524.0     18131319     18131320  yes               1      4 BURST
   59.081027     1689.3       1689.3     18131430     18131431  yes               1      3 cadence
   59.191687     1622.9       1622.9     18131541     18131542  yes               1      3 cadence
   59.269997     3920.3       3920.3     18131617     18131618  yes               1      5 BURST
   59.452901     1603.0       1603.0     18131802     18131803  yes               1      3 cadence
   59.702836     1713.6       1713.7     18132052     18132053  yes               1      3 cadence
   59.774622     2497.9       2497.9     18132123     18132124  yes               1      4 BURST
   59.878605     2450.4       2450.4     18132227     18132228  yes               1      4 BURST
   59.982589     3270.4       3270.4     18132330     18132331  yes               1      5 BURST
   60.180223     2118.6       2118.6     18132529     18132530  yes               1      4 BURST
   60.598518     3952.1       3952.2     18132945     18132946  yes               1      6 BURST
   60.686611     3499.5       3499.5     18133034     18133035  yes               1      5 BURST
   60.778603     2499.3       2499.3     18133127     18133128  yes               1      4 BURST
   60.881936     2817.4       2817.4     18133230     18133231  yes               1      4 BURST
   60.933028     1740.4       1740.4     18133282     18133283  yes               1      3 cadence
   60.978604     2479.6       2479.6     18133327     18133328  yes               1      4 BURST
   61.090607     1515.7       1515.7     18133440     18133441  yes               1      0 cadence
   61.094592     3984.7       3984.7     18133441     18133442  yes               1      6 BURST
   61.190639     3545.7       3545.7     18133538     18133539  yes               1      5 BURST
   61.290574     3481.3       3481.3     18133638     18133639  yes               1      5 BURST
   61.394623     3534.1       3534.1     18133742     18133743  yes               1      5 BURST
   61.410544     1504.0       1504.1     18133760     18133761  yes               1      3 cadence
   61.474618     1536.5       1536.5     18133824     18133825  yes               1      3 cadence
   61.497570     3480.0       3480.0     18133845     18133846  yes               1      5 BURST
   61.602579     1537.7       1537.7     18133952     18133953  yes               1      0 cadence
   61.606568     3988.7       3988.7     18133953     18133954  yes               1      6 BURST
   61.798628     4558.7       4558.7     18134145     18134146  yes               1      6 BURST
   61.902611     4528.8       4528.8     18134249     18134250  yes               1      6 BURST
   62.006598     2516.7       2516.7     18134355     18134356  yes               1      4 BURST
   62.008609     2011.1       2011.0     18134357     18134358  yes               1      4 BURST
   62.102610     3498.8       3498.8     18134450     18134451  yes               1      5 BURST
   62.298586     4465.4       4465.4     18134645     18134646  yes               1      6 BURST
   62.374879     1794.4       1794.4     18134724     18134725  yes               1      3 cadence
   62.413784     1700.6       1700.6     18134763     18134764  yes               1      3 cadence
   62.494590     2482.3       2482.2     18134843     18134844  yes               1      4 BURST
   62.693812     2767.1       2767.0     18135042     18135043  yes               1      4 BURST
   62.924231     2982.7       2982.7     18135272     18135273  yes               1      5 BURST
   63.021307     2216.8       2216.8     18135370     18135371  yes               1      4 BURST
   63.518573     2480.5       2480.5     18135867     18135868  yes               1      4 BURST
   63.618598     4080.8       4080.7     18135965     18135966  yes               1      6 BURST
   63.714542     1520.4       1520.3     18136064     18136065  yes               1      0 cadence
   63.718647     4104.5       4104.5     18136065     18136066  yes               1      6 BURST
   63.733120     2080.0       2080.0     18136082     18136083  yes               1      4 BURST
   64.030540     1508.5       1508.4     18136380     18136381  yes               1      0 cadence
   64.034546     4005.7       4005.7     18136381     18136382  yes               1      6 BURST
   64.126564     1524.9       1524.9     18136476     18136477  yes               1      3 cadence
   64.128171     1606.9       1606.9     18136477     18136478  yes               1      4 BURST
   64.326620     4571.3       4571.3     18136673     18136674  yes               1      6 BURST
   64.375946     1839.5       1839.5     18136725     18136726  yes               1      3 cadence
   64.526581     2523.5       2523.5     18136875     18136876  yes               1      4 BURST
   64.622583     2489.6       2489.6     18136971     18136972  yes               1      4 BURST
   64.692795     1789.6       1789.6     18137042     18137043  yes               1      3 cadence
   64.728505     2384.5       2384.6     18137077     18137078  yes               1      4 BURST
   64.828567     2529.2       2529.2     18137177     18137178  yes               1      4 BURST
   64.840699     1695.1       1695.0     18137190     18137191  yes               1      3 cadence
   64.842562     1863.2       1863.2     18137191     18137192  yes               1      4 BURST
   64.866590     3543.2       3543.2     18137214     18137215  yes               1      5 BURST
   64.922528     1539.7       1539.7     18137272     18137273  yes               1      3 cadence
   65.429281     2798.2       2798.2     18137777     18137778  yes               1      5 BURST
   65.517643     1636.2       1636.2     18137867     18137868  yes               1      3 cadence
   65.946514     1531.2       1531.2     18138296     18138297  yes               1      0 cadence
   65.950545     4030.7       4030.8     18138297     18138298  yes               1      6 BURST
   66.141245     2002.3       2002.3     18138490     18138491  yes               1      4 BURST
   66.346501     2458.8       2458.8     18138695     18138696  yes               1      4 BURST
   66.348588     2087.3       2087.3     18138697     18138698  yes               1      4 BURST
   66.438582     2526.3       2526.3     18138787     18138788  yes               1      4 BURST
   66.692740     1752.0       1751.9     18139042     18139043  yes               1      3 cadence
   66.748521     2050.6       2050.6     18139097     18139098  yes               1      4 BURST
   66.850495     3997.6       3997.6     18139197     18139198  yes               1      6 BURST
   66.970494     4029.3       4029.4     18139317     18139318  yes               1      6 BURST
   67.006538     2536.9       2536.9     18139355     18139356  yes               1      4 BURST
   67.054530     2507.7       2507.7     18139403     18139404  yes               1      1 cadence
   67.057922     3392.4       3392.4     18139405     18139406  yes               1      5 BURST
   67.259739     3764.4       3764.3     18139607     18139608  yes               1      5 BURST
   67.358469     3422.3       3422.4     18139706     18139707  yes               1      5 BURST
   67.766476     4010.9       4010.9     18140113     18140114  yes               1      6 BURST
   67.868545     3571.9       3571.8     18140216     18140217  yes               1      5 BURST
   67.966573     5596.1       5596.1     18140312     18140313  yes               1      7 BURST
   68.054528     3508.7       3508.7     18140402     18140403  yes               1      5 BURST
   68.178607     4155.6       4155.5     18140525     18140526  yes               1      6 BURST
   68.274532     2591.2       2591.2     18140623     18140624  yes               1      4 BURST
   68.358510     2467.3       2467.2     18140707     18140708  yes               1      4 BURST
   68.766168     3696.8       3696.8     18141113     18141114  yes               1      6 BURST
   68.871204     2252.5       2252.5     18141220     18141221  yes               1      4 BURST
   68.966461     3467.7       3467.7     18141314     18141315  yes               1      5 BURST
   69.006191     3231.9       3231.9     18141354     18141355  yes               1      5 BURST
   69.074457     3283.2       3283.2     18141422     18141423  yes               1      5 BURST
   69.170458     3509.4       3436.6     18141518     18141519  yes               1      5 BURST
   69.270483     4482.9       4482.9     18141617     18141618  yes               1      6 BURST
   69.882504     3569.2       3569.2     18142230     18142231  yes               1      5 BURST
   69.981182     3229.5       3229.5     18142329     18142330  yes               1      5 BURST
   70.081150     3192.8       3192.8     18142429     18142430  yes               1      5 BURST
   70.281156     2729.8       2729.8     18142629     18142630  yes               1      5 BURST
   70.386481     2489.1       2489.1     18142735     18142736  yes               1      4 BURST
   70.399804     1841.9       1841.9     18142749     18142750  yes               1      3 cadence
   71.205079     4135.4       4135.3     18143552     18143553  yes               1      6 BURST
   71.406510     3570.5       3570.6     18143754     18143755  yes               1      5 BURST
   71.501533     3597.0       3597.0     18143849     18143850  yes               1      5 BURST
   71.706450     4544.4       4544.4     18144053     18144054  yes               1      6 BURST
   71.722693     1802.4       1802.4     18144072     18144073  yes               1      3 cadence
   71.806400     2414.0       2414.0     18144155     18144156  yes               1      4 BURST
   71.911132     1952.3       1952.3     18144260     18144261  yes               1      4 BURST
   72.010458     4553.9       4553.9     18144357     18144358  yes               1      6 BURST
   72.222367     2474.6       2474.4     18144571     18144572  yes               1      4 BURST
   72.426439     4059.0       4059.0     18144773     18144774  yes               1      6 BURST
   72.928433     1516.5       1516.6     18145278     18145279  yes               1      3 cadence
   73.428406     1529.8       1529.8     18145778     18145779  yes               1      3 cadence
   73.692493     1622.3       1622.3     18146042     18146043  yes               1      3 cadence
   73.921126     1958.5       1958.5     18146270     18146271  yes               1      4 BURST
   74.026399     3477.3       3477.4     18146374     18146375  yes               1      5 BURST
   74.692685     1837.9       1837.9     18147042     18147043  yes               1      3 cadence
   74.842457     3567.7       3567.8     18147190     18147191  yes               1      5 BURST
   75.692685     1769.0       1769.0     18148042     18148043  yes               1      3 cadence
   75.846409     4006.9       4006.9     18148193     18148194  yes               1      6 BURST
   76.042437     4589.5       4589.6     18148389     18148390  yes               1      6 BURST
   76.454460     3622.5       3622.5     18148802     18148803  yes               1      5 BURST
   76.762435     3305.2       3305.2     18149110     18149111  yes               1      5 BURST
   76.861113     1985.5       1985.5     18149210     18149211  yes               1      4 BURST
   76.966400     3528.5       3528.4     18149314     18149315  yes               1      5 BURST
   77.170386     2505.8       2505.8     18149519     18149520  yes               1      4 BURST
   77.278397     4063.7       4063.7     18149625     18149626  yes               1      6 BURST
   77.366443     2594.5       2594.4     18149715     18149716  yes               1      4 BURST
   77.470331     1506.6       1506.6     18149820     18149821  yes               1      1 cadence
   77.474310     3247.3       3247.3     18149822     18149823  yes               1      5 BURST
   77.654340     1501.3       1501.2     18150004     18150005  yes               1      3 cadence
   77.674396     4053.4       4053.4     18150021     18150022  yes               1      6 BURST
   77.712707     1885.4       1885.4     18150062     18150063  yes               1      3 cadence
   77.768507     2691.4       2691.4     18150117     18150118  yes               1      4 BURST
   77.866374     4031.0       4031.0     18150213     18150214  yes               1      6 BURST
   77.966384     4482.8       4482.7     18150313     18150314  yes               1      6 BURST
   78.066384     2506.4       2506.4     18150415     18150416  yes               1      4 BURST
   78.166365     2525.5       2525.4     18150515     18150516  yes               1      1 cadence
   78.170374     4009.5       4009.7     18150517     18150518  yes               1      6 BURST
   78.270368     2494.1       2494.1     18150619     18150620  yes               1      4 BURST
   78.370380     3521.2       3521.2     18150718     18150719  yes               1      5 BURST
   78.470341     2445.0       2445.0     18150819     18150820  yes               1      4 BURST
   78.712570     1786.9       1893.1     18151062     18151063  yes               1      3 cadence
   78.786345     2417.2       2417.2     18151135     18151136  yes               1      1 cadence
   78.790362     4017.3       4017.3     18151137     18151138  yes               1      6 BURST
   78.874354     2533.8       2533.7     18151223     18151224  yes               1      1 cadence
   78.878382     4028.5       4028.5     18151225     18151226  yes               1      6 BURST
   78.977927     4111.9       4111.9     18151325     18151326  yes               1      6 BURST
   79.081089     1983.1       1983.1     18151430     18151431  yes               1      4 BURST
   79.117740     2868.8       2868.8     18151466     18151467  yes               1      4 BURST
   79.178397     3469.3       3469.4     18151526     18151527  yes               1      5 BURST
   79.278389     2544.9       2544.9     18151627     18151628  yes               1      4 BURST
   79.481101     2281.6       2281.6     18151830     18151831  yes               1      4 BURST
   79.593497     6667.6       6667.7     18151938     18151939  yes               1      8 BURST
   79.706325     1530.9       1530.9     18152056     18152057  yes               1      3 cadence
   79.794335     1550.3       1550.3     18152144     18152145  yes               1      0 cadence
   79.798379     4043.7       4043.7     18152145     18152146  yes               1      6 BURST
   79.886355     3425.8       3425.8     18152234     18152235  yes               1      5 BURST
   79.986331     2468.0       2467.9     18152335     18152336  yes               1      4 BURST
   80.090356     5490.8       5490.9     18152436     18152437  yes               1      7 BURST
   80.198391     5568.4       5568.4     18152544     18152545  yes               1      7 BURST
   80.208584     1762.0       1762.0     18152558     18152559  yes               1      3 cadence
   80.294419     4627.5       4627.5     18152641     18152642  yes               1      6 BURST
   80.390297     1513.2       1513.2     18152740     18152741  yes               1      1 cadence
   80.394401     3353.0       3353.0     18152742     18152743  yes               1      5 BURST
   80.502322     1506.6       1506.6     18152852     18152853  yes               1      0 cadence
   80.506089     3766.8       3766.8     18152853     18152854  yes               1      6 BURST
   80.802300     1512.0       1512.0     18153152     18153153  yes               1      3 cadence
   80.804584     2283.7       2283.7     18153153     18153154  yes               1      4 BURST
   80.906368     3534.2       3534.2     18153254     18153255  yes               1      5 BURST
   81.006304     1538.2       1538.2     18153356     18153357  yes               1      0 cadence
   81.010361     4057.1       4057.1     18153357     18153358  yes               1      6 BURST
   81.110355     3590.8       3590.8     18153458     18153459  yes               1      5 BURST
   81.138322     1544.1       1544.1     18153488     18153489  yes               1      3 cadence
   81.310305     1514.3       1514.3     18153660     18153661  yes               1      0 cadence
   81.314340     4035.7       4035.7     18153661     18153662  yes               1      6 BURST
   81.702286     1525.8       1525.8     18154052     18154053  yes               1      3 cadence
   81.718382     5614.5       5614.5     18154064     18154065  yes               1      7 BURST
   81.821155     2104.9       2219.3     18154170     18154171  yes               1      4 BURST
   82.120336     2566.6       2566.6     18154469     18154470  yes               1      4 BURST
   82.421053     1970.2       1970.2     18154770     18154771  yes               1      4 BURST
   82.539808     2042.9       2042.9     18154889     18154890  yes               1      4 BURST
   82.722301     3548.6       3548.6     18155070     18155071  yes               1      5 BURST
   82.830307     3514.8       3406.4     18155178     18155179  yes               1      5 BURST
   82.934308     3527.5       3527.5     18155282     18155283  yes               1      5 BURST
   83.126299     4043.9       4043.9     18155473     18155474  yes               1      6 BURST
   83.163157     3388.4       3388.4     18155511     18155512  yes               1      5 BURST
   83.230258     1518.5       1518.5     18155580     18155581  yes               1      1 cadence
   83.234294     3289.6       3289.6     18155582     18155583  yes               1      5 BURST
   83.329125     3362.9       3362.9     18155677     18155678  yes               1      5 BURST
   83.428337     2602.1       2602.1     18155777     18155778  yes               1      4 BURST
   83.534294     3533.5       3533.5     18155882     18155883  yes               1      5 BURST
   83.716661     2895.7       2895.7     18156065     18156066  yes               1      4 BURST
   83.746320     2567.3       2567.3     18156095     18156096  yes               1      4 BURST
   83.748309     1989.5       1989.5     18156097     18156098  yes               1      4 BURST
   83.838325     3592.9       3592.9     18156186     18156187  yes               1      5 BURST
   83.938294     2518.3       2518.3     18156287     18156288  yes               1      4 BURST
   84.034020     3248.0       3248.0     18156382     18156383  yes               1      5 BURST
   84.146327     5602.7       5602.7     18156492     18156493  yes               1      7 BURST
   84.702478     1762.8       1762.8     18157052     18157053  yes               1      3 cadence
   84.850379     4595.8       4595.8     18157197     18157198  yes               1      6 BURST
   85.128264     1530.4       1530.4     18157478     18157479  yes               1      3 cadence
   85.659240     1515.1       1515.1     18158009     18158010  yes               1      3 cadence
   85.758283     3474.7       3474.7     18158106     18158107  yes               1      5 BURST
   85.858306     4079.0       4079.0     18158205     18158206  yes               1      6 BURST
   85.962278     1507.2       1507.5     18158312     18158313  yes               1      0 cadence
   85.966279     4001.8       4001.5     18158313     18158314  yes               1      6 BURST
   86.066216     2524.3       2643.4     18158415     18158416  yes               1      4 BURST
   86.166312     3534.0       3534.0     18158514     18158515  yes               1      5 BURST
   86.366271     3559.1       3559.1     18158714     18158715  yes               1      5 BURST
   86.387248     1533.5       1533.5     18158737     18158738  yes               1      3 cadence
   86.462239     2509.8       2509.8     18158811     18158812  yes               1      4 BURST
   86.568416     2688.1       2688.1     18158917     18158918  yes               1      4 BURST
   86.768301     2588.8       2588.8     18159117     18159118  yes               1      4 BURST
   86.874249     3527.4       3527.4     18159222     18159223  yes               1      5 BURST
   86.980868     1835.7       1835.7     18159330     18159331  yes               1      4 BURST
   87.178229     1521.4       1521.4     18159528     18159529  yes               1      3 cadence
   87.180117     1887.1       1887.1     18159529     18159530  yes               1      4 BURST
   87.192265     1555.9       1555.9     18159542     18159543  yes               1      3 cadence
   87.207747     1530.2       1530.2     18159557     18159558  yes               1      4 BURST
   87.274247     2535.7       2535.7     18159623     18159624  yes               1      4 BURST
   87.482251     2560.2       2560.2     18159831     18159832  yes               1      4 BURST
   87.679813     2158.1       2070.7     18160029     18160030  yes               1      4 BURST
   87.722220     1555.4       1555.4     18160072     18160073  yes               1      3 cadence
   87.974257     4560.7       4560.7     18160321     18160322  yes               1      6 BURST
   88.082234     2478.2       2478.3     18160431     18160432  yes               1      4 BURST
   88.177950     3233.3       3233.3     18160526     18160527  yes               1      5 BURST
   88.278270     4533.6       4533.6     18160625     18160626  yes               1      6 BURST
   88.378214     3476.1       3476.1     18160726     18160727  yes               1      5 BURST
   88.481040     3337.0       3337.0     18160829     18160830  yes               1      5 BURST
   88.581021     2291.8       2291.8     18160930     18160931  yes               1      4 BURST
   89.400980     1955.6       1955.5     18161750     18161751  yes               1      4 BURST
   89.606211     4042.1       4042.1     18161953     18161954  yes               1      6 BURST
   89.702196     3544.6       3544.6     18162050     18162051  yes               1      5 BURST
   89.732259     1607.1       1607.1     18162082     18162083  yes               1      3 cadence
   89.782174     1506.3       1506.3     18162132     18162133  yes               1      3 cadence
   89.802210     2502.1       2502.1     18162151     18162152  yes               1      4 BURST

-- robot clock minus arrival (drift) -------------------------------
  offset is (message_id ms) - (first-fragment arrival), zeroed on the first state.
  min / max / range          : -5.365 / 1.410 / 6.775 ms
  first / last               : 0.000 / 1.325 ms
  -5.365 ms |##################################%%%%%%%%%%%%%%%%%%%%%%%%%%%%%%%%%%%%%%| 1.410 ms
  jumps >= 1.50 ms           : 350
     t_off=  0.027370 s  delta=   -3.390 ms  ids 18072373 -> 18072374 (consecutive)
     t_off=  0.735365 s  delta=   -5.441 ms  ids 18073079 -> 18073080 (consecutive)
     t_off=  0.825465 s  delta=   -1.541 ms  ids 18073173 -> 18073174 (consecutive)
     t_off=  1.031340 s  delta=   -3.311 ms  ids 18073377 -> 18073378 (consecutive)
     t_off=  1.139040 s  delta=   -4.078 ms  ids 18073484 -> 18073485 (consecutive)
     t_off=  1.339347 s  delta=   -2.408 ms  ids 18073686 -> 18073687 (consecutive)
     t_off=  1.437569 s  delta=   -1.633 ms  ids 18073785 -> 18073786 (consecutive)
     t_off=  1.635313 s  delta=   -2.268 ms  ids 18073982 -> 18073983 (consecutive)
     t_off=  1.739346 s  delta=   -3.393 ms  ids 18074085 -> 18074086 (consecutive)
     t_off=  1.942061 s  delta=   -2.117 ms  ids 18074289 -> 18074290 (consecutive)
     t_off=  2.055347 s  delta=   -2.427 ms  ids 18074402 -> 18074403 (consecutive)
     t_off=  2.147317 s  delta=   -2.368 ms  ids 18074494 -> 18074495 (consecutive)
     t_off=  2.245914 s  delta=   -1.955 ms  ids 18074593 -> 18074594 (consecutive)
     t_off=  2.359326 s  delta=   -3.058 ms  ids 18074705 -> 18074706 (consecutive)
     t_off=  2.650047 s  delta=   -2.128 ms  ids 18074997 -> 18074998 (consecutive)
     t_off=  2.747303 s  delta=   -3.043 ms  ids 18075093 -> 18075094 (consecutive)
     t_off=  3.162818 s  delta=   -1.764 ms  ids 18075510 -> 18075511 (consecutive)
     t_off=  3.864038 s  delta=   -3.176 ms  ids 18076210 -> 18076211 (consecutive)
     t_off=  3.962748 s  delta=   -1.728 ms  ids 18076310 -> 18076311 (consecutive)
     t_off=  4.142041 s  delta=   -2.162 ms  ids 18076489 -> 18076490 (consecutive)
     t_off=  4.162907 s  delta=   -2.004 ms  ids 18076510 -> 18076511 (consecutive)
     t_off=  4.229397 s  delta=   -1.551 ms  ids 18076577 -> 18076578 (consecutive)
     t_off=  4.771266 s  delta=   -2.374 ms  ids 18077118 -> 18077119 (consecutive)
     t_off=  5.082026 s  delta=   -2.190 ms  ids 18077429 -> 18077430 (consecutive)
     t_off=  5.779255 s  delta=   -2.337 ms  ids 18078126 -> 18078127 (consecutive)
     t_off=  5.883235 s  delta=   -2.201 ms  ids 18078230 -> 18078231 (consecutive)
     t_off=  6.095248 s  delta=   -2.204 ms  ids 18078442 -> 18078443 (consecutive)
     t_off=  6.195277 s  delta=   -2.295 ms  ids 18078542 -> 18078543 (consecutive)
     t_off=  6.337431 s  delta=   -1.505 ms  ids 18078685 -> 18078686 (consecutive)
     t_off=  6.895215 s  delta=   -2.251 ms  ids 18079242 -> 18079243 (consecutive)
     t_off=  7.307251 s  delta=   -3.044 ms  ids 18079653 -> 18079654 (consecutive)
     t_off=  7.519253 s  delta=   -3.427 ms  ids 18079865 -> 18079866 (consecutive)
     t_off=  7.609307 s  delta=   -3.407 ms  ids 18079955 -> 18079956 (consecutive)
     t_off=  7.706893 s  delta=   -3.075 ms  ids 18080053 -> 18080054 (consecutive)
     t_off=  8.002059 s  delta=   -2.130 ms  ids 18080349 -> 18080350 (consecutive)
     t_off=  8.319225 s  delta=   -2.381 ms  ids 18080666 -> 18080667 (consecutive)
     t_off=  8.419256 s  delta=   -3.424 ms  ids 18080765 -> 18080766 (consecutive)
     t_off=  8.507218 s  delta=   -2.353 ms  ids 18080854 -> 18080855 (consecutive)
     t_off=  8.717408 s  delta=   -2.548 ms  ids 18081064 -> 18081065 (consecutive)
     t_off=  8.818726 s  delta=   -2.819 ms  ids 18081165 -> 18081166 (consecutive)
     t_off=  9.122051 s  delta=   -2.271 ms  ids 18081469 -> 18081470 (consecutive)
     t_off=  9.527215 s  delta=   -3.396 ms  ids 18081873 -> 18081874 (consecutive)
     t_off=  9.631234 s  delta=   -3.065 ms  ids 18081977 -> 18081978 (consecutive)
     t_off=  9.727200 s  delta=   -2.356 ms  ids 18082074 -> 18082075 (consecutive)
     t_off= 10.642318 s  delta=   -2.546 ms  ids 18082989 -> 18082990 (consecutive)
     t_off= 11.654774 s  delta=   -3.834 ms  ids 18084000 -> 18084001 (consecutive)
     t_off= 11.749208 s  delta=   -2.344 ms  ids 18084096 -> 18084097 (consecutive)
     t_off= 11.847179 s  delta=   -2.299 ms  ids 18084194 -> 18084195 (consecutive)
     t_off= 12.047201 s  delta=   -3.373 ms  ids 18084393 -> 18084394 (consecutive)
     t_off= 12.367198 s  delta=   -2.452 ms  ids 18084714 -> 18084715 (consecutive)
     t_off= 12.407178 s  delta=   -2.400 ms  ids 18084754 -> 18084755 (consecutive)
     t_off= 12.469224 s  delta=   -1.509 ms  ids 18084817 -> 18084818 (consecutive)
     t_off= 12.966346 s  delta=   -2.210 ms  ids 18085313 -> 18085314 (consecutive)
     t_off= 13.675174 s  delta=   -3.410 ms  ids 18086021 -> 18086022 (consecutive)
     t_off= 13.766949 s  delta=   -3.160 ms  ids 18086113 -> 18086114 (consecutive)
     t_off= 13.875172 s  delta=   -3.407 ms  ids 18086221 -> 18086222 (consecutive)
     t_off= 14.251131 s  delta=   -1.900 ms  ids 18086598 -> 18086599 (consecutive)
     t_off= 14.399193 s  delta=   -2.426 ms  ids 18086746 -> 18086747 (consecutive)
     t_off= 14.424772 s  delta=   -2.038 ms  ids 18086772 -> 18086773 (consecutive)
     t_off= 14.487121 s  delta=   -3.007 ms  ids 18086833 -> 18086834 (consecutive)
     t_off= 14.779150 s  delta=   -3.043 ms  ids 18087125 -> 18087126 (consecutive)
     t_off= 14.895187 s  delta=   -2.324 ms  ids 18087242 -> 18087243 (consecutive)
     t_off= 15.487145 s  delta=   -2.389 ms  ids 18087834 -> 18087835 (consecutive)
     t_off= 15.587128 s  delta=   -2.364 ms  ids 18087934 -> 18087935 (consecutive)
     t_off= 15.789143 s  delta=   -3.379 ms  ids 18088135 -> 18088136 (consecutive)
     t_off= 17.507122 s  delta=   -3.407 ms  ids 18089853 -> 18089854 (consecutive)
     t_off= 17.609163 s  delta=   -3.428 ms  ids 18089955 -> 18089956 (consecutive)
     t_off= 18.015086 s  delta=   -2.277 ms  ids 18090362 -> 18090363 (consecutive)
     t_off= 18.527114 s  delta=   -3.047 ms  ids 18090873 -> 18090874 (consecutive)
     t_off= 18.627109 s  delta=   -4.293 ms  ids 18090972 -> 18090973 (consecutive)
     t_off= 18.719137 s  delta=   -2.431 ms  ids 18091066 -> 18091067 (consecutive)
     t_off= 18.925198 s  delta=   -2.555 ms  ids 18091272 -> 18091273 (consecutive)
     t_off= 19.427088 s  delta=   -2.372 ms  ids 18091774 -> 18091775 (consecutive)
     t_off= 19.734335 s  delta=   -1.543 ms  ids 18092082 -> 18092083 (consecutive)
     t_off= 20.643059 s  delta=   -2.420 ms  ids 18092990 -> 18092991 (consecutive)
     t_off= 20.745170 s  delta=   -2.552 ms  ids 18093092 -> 18093093 (consecutive)
     t_off= 20.947049 s  delta=   -2.334 ms  ids 18093294 -> 18093295 (consecutive)
     t_off= 21.550629 s  delta=   -2.967 ms  ids 18093897 -> 18093898 (consecutive)
     t_off= 21.755050 s  delta=   -3.038 ms  ids 18094101 -> 18094102 (consecutive)
     t_off= 21.859057 s  delta=   -2.418 ms  ids 18094206 -> 18094207 (consecutive)
     t_off= 22.567061 s  delta=   -3.407 ms  ids 18094913 -> 18094914 (consecutive)
     t_off= 22.667056 s  delta=   -3.018 ms  ids 18095013 -> 18095014 (consecutive)
     t_off= 23.271050 s  delta=   -3.381 ms  ids 18095617 -> 18095618 (consecutive)
     t_off= 23.379054 s  delta=   -3.463 ms  ids 18095725 -> 18095726 (consecutive)
     t_off= 23.475071 s  delta=   -5.413 ms  ids 18095819 -> 18095820 (consecutive)
     t_off= 23.579041 s  delta=   -1.969 ms  ids 18095926 -> 18095927 (consecutive)
     t_off= 23.679042 s  delta=   -3.011 ms  ids 18096025 -> 18096026 (consecutive)
     t_off= 23.774249 s  delta=   -2.657 ms  ids 18096121 -> 18096122 (consecutive)
     t_off= 24.281667 s  delta=   -1.644 ms  ids 18096629 -> 18096630 (consecutive)
     t_off= 25.299041 s  delta=   -3.425 ms  ids 18097645 -> 18097646 (consecutive)
     t_off= 25.501748 s  delta=   -2.133 ms  ids 18097849 -> 18097850 (consecutive)
     t_off= 26.105467 s  delta=   -1.503 ms  ids 18098453 -> 18098454 (consecutive)
     t_off= 26.311056 s  delta=   -2.442 ms  ids 18098658 -> 18098659 (consecutive)
     t_off= 26.419091 s  delta=   -2.507 ms  ids 18098766 -> 18098767 (consecutive)
     t_off= 26.619070 s  delta=   -3.052 ms  ids 18098965 -> 18098966 (consecutive)
     t_off= 27.227021 s  delta=   -3.446 ms  ids 18099573 -> 18099574 (consecutive)
     t_off= 27.519062 s  delta=   -2.471 ms  ids 18099866 -> 18099867 (consecutive)
     t_off= 27.627038 s  delta=   -3.428 ms  ids 18099973 -> 18099974 (consecutive)
     t_off= 27.835063 s  delta=   -2.494 ms  ids 18100182 -> 18100183 (consecutive)
     t_off= 27.926981 s  delta=   -3.395 ms  ids 18100273 -> 18100274 (consecutive)
     t_off= 28.227078 s  delta=   -3.485 ms  ids 18100573 -> 18100574 (consecutive)
     t_off= 28.335040 s  delta=   -3.474 ms  ids 18100681 -> 18100682 (consecutive)
     t_off= 28.439009 s  delta=   -2.978 ms  ids 18100785 -> 18100786 (consecutive)
     t_off= 29.345214 s  delta=   -2.692 ms  ids 18101692 -> 18101693 (consecutive)
     t_off= 31.078054 s  delta=   -2.127 ms  ids 18103425 -> 18103426 (consecutive)
     t_off= 31.178734 s  delta=   -2.792 ms  ids 18103525 -> 18103526 (consecutive)
     t_off= 31.274935 s  delta=   -2.431 ms  ids 18103622 -> 18103623 (consecutive)
     t_off= 31.366968 s  delta=   -3.054 ms  ids 18103713 -> 18103714 (consecutive)
     t_off= 31.459027 s  delta=   -3.501 ms  ids 18103805 -> 18103806 (consecutive)
     t_off= 31.662932 s  delta=   -2.429 ms  ids 18104010 -> 18104011 (consecutive)
     t_off= 31.766957 s  delta=   -3.017 ms  ids 18104113 -> 18104114 (consecutive)
     t_off= 32.082911 s  delta=   -2.442 ms  ids 18104430 -> 18104431 (consecutive)
     t_off= 32.174934 s  delta=   -2.289 ms  ids 18104522 -> 18104523 (consecutive)
     t_off= 32.277916 s  delta=   -1.984 ms  ids 18104625 -> 18104626 (consecutive)
     t_off= 32.378066 s  delta=   -2.584 ms  ids 18104725 -> 18104726 (consecutive)
     t_off= 32.478233 s  delta=   -2.338 ms  ids 18104825 -> 18104826 (consecutive)
     t_off= 32.582943 s  delta=   -3.432 ms  ids 18104929 -> 18104930 (consecutive)
     t_off= 32.614807 s  delta=   -2.334 ms  ids 18104962 -> 18104963 (consecutive)
     t_off= 32.678917 s  delta=   -2.350 ms  ids 18105026 -> 18105027 (consecutive)
     t_off= 32.886984 s  delta=   -3.057 ms  ids 18105233 -> 18105234 (consecutive)
     t_off= 32.978382 s  delta=   -2.460 ms  ids 18105325 -> 18105326 (consecutive)
     t_off= 33.690967 s  delta=   -2.490 ms  ids 18106038 -> 18106039 (consecutive)
     t_off= 33.786986 s  delta=   -1.504 ms  ids 18106135 -> 18106136 (consecutive)
     t_off= 33.894925 s  delta=   -3.030 ms  ids 18106241 -> 18106242 (consecutive)
     t_off= 33.994957 s  delta=   -3.520 ms  ids 18106341 -> 18106342 (consecutive)
     t_off= 34.654024 s  delta=   -1.587 ms  ids 18107002 -> 18107003 (consecutive)
     t_off= 34.806851 s  delta=   -3.340 ms  ids 18107153 -> 18107154 (consecutive)
     t_off= 34.914916 s  delta=   -2.455 ms  ids 18107262 -> 18107263 (consecutive)
     t_off= 35.006960 s  delta=   -3.463 ms  ids 18107353 -> 18107354 (consecutive)
     t_off= 35.218980 s  delta=   -3.492 ms  ids 18107565 -> 18107566 (consecutive)
     t_off= 35.514949 s  delta=   -2.461 ms  ids 18107862 -> 18107863 (consecutive)
     t_off= 35.614891 s  delta=   -2.386 ms  ids 18107962 -> 18107963 (consecutive)
     t_off= 35.721768 s  delta=   -2.356 ms  ids 18108069 -> 18108070 (consecutive)
     t_off= 37.734952 s  delta=   -3.553 ms  ids 18110081 -> 18110082 (consecutive)
     t_off= 38.534787 s  delta=   -2.338 ms  ids 18110882 -> 18110883 (consecutive)
     t_off= 38.842060 s  delta=   -1.691 ms  ids 18111190 -> 18111191 (consecutive)
     t_off= 39.141598 s  delta=   -2.113 ms  ids 18111489 -> 18111490 (consecutive)
     t_off= 39.346856 s  delta=   -2.399 ms  ids 18111694 -> 18111695 (consecutive)
     t_off= 39.446842 s  delta=   -3.053 ms  ids 18111793 -> 18111794 (consecutive)
     t_off= 39.546845 s  delta=   -3.378 ms  ids 18111893 -> 18111894 (consecutive)
     t_off= 40.152968 s  delta=   -2.595 ms  ids 18112500 -> 18112501 (consecutive)
     t_off= 40.258887 s  delta=   -1.516 ms  ids 18112607 -> 18112608 (consecutive)
     t_off= 40.369629 s  delta=   -3.295 ms  ids 18112716 -> 18112717 (consecutive)
     t_off= 40.562874 s  delta=   -2.417 ms  ids 18112910 -> 18112911 (consecutive)
     t_off= 40.782051 s  delta=   -2.700 ms  ids 18113129 -> 18113130 (consecutive)
     t_off= 41.582811 s  delta=   -2.414 ms  ids 18113930 -> 18113931 (consecutive)
     t_off= 41.694147 s  delta=   -1.801 ms  ids 18114042 -> 18114043 (consecutive)
     t_off= 41.978804 s  delta=   -3.025 ms  ids 18114325 -> 18114326 (consecutive)
     t_off= 42.480907 s  delta=   -3.581 ms  ids 18114827 -> 18114828 (consecutive)
     t_off= 42.902795 s  delta=   -2.388 ms  ids 18115250 -> 18115251 (consecutive)
     t_off= 42.994820 s  delta=   -2.272 ms  ids 18115342 -> 18115343 (consecutive)
     t_off= 43.094802 s  delta=   -2.449 ms  ids 18115442 -> 18115443 (consecutive)
     t_off= 43.309566 s  delta=   -2.225 ms  ids 18115657 -> 18115658 (consecutive)
     t_off= 43.498808 s  delta=   -1.515 ms  ids 18115847 -> 18115848 (consecutive)
     t_off= 43.701785 s  delta=   -2.032 ms  ids 18116049 -> 18116050 (consecutive)
     t_off= 44.308873 s  delta=   -1.595 ms  ids 18116657 -> 18116658 (consecutive)
     t_off= 44.608797 s  delta=   -1.527 ms  ids 18116957 -> 18116958 (consecutive)
     t_off= 45.722797 s  delta=   -1.509 ms  ids 18118071 -> 18118072 (consecutive)
     t_off= 45.930774 s  delta=   -3.014 ms  ids 18118277 -> 18118278 (consecutive)
     t_off= 46.130767 s  delta=   -2.458 ms  ids 18118478 -> 18118479 (consecutive)
     t_off= 46.238712 s  delta=   -3.430 ms  ids 18118585 -> 18118586 (consecutive)
     t_off= 46.322728 s  delta=   -2.423 ms  ids 18118670 -> 18118671 (consecutive)
     t_off= 46.325582 s  delta=   -1.854 ms  ids 18118673 -> 18118674 (consecutive)
     t_off= 46.434745 s  delta=   -2.238 ms  ids 18118782 -> 18118783 (consecutive)
     t_off= 46.530768 s  delta=   -3.392 ms  ids 18118877 -> 18118878 (consecutive)
     t_off= 46.766502 s  delta=   -2.200 ms  ids 18119114 -> 18119115 (consecutive)
     t_off= 46.834757 s  delta=   -2.455 ms  ids 18119182 -> 18119183 (consecutive)
     t_off= 47.038802 s  delta=   -3.493 ms  ids 18119385 -> 18119386 (consecutive)
     t_off= 47.138768 s  delta=   -2.509 ms  ids 18119486 -> 18119487 (consecutive)
     t_off= 47.342749 s  delta=   -2.458 ms  ids 18119690 -> 18119691 (consecutive)
     t_off= 47.744848 s  delta=   -2.604 ms  ids 18120092 -> 18120093 (consecutive)
     t_off= 48.450741 s  delta=   -3.485 ms  ids 18120797 -> 18120798 (consecutive)
     t_off= 48.754746 s  delta=   -4.399 ms  ids 18121100 -> 18121101 (consecutive)
     t_off= 48.786382 s  delta=   -2.107 ms  ids 18121134 -> 18121135 (consecutive)
     t_off= 48.853114 s  delta=   -2.843 ms  ids 18121200 -> 18121201 (consecutive)
     t_off= 48.976140 s  delta=   -2.925 ms  ids 18121323 -> 18121324 (consecutive)
     t_off= 49.054723 s  delta=   -2.277 ms  ids 18121402 -> 18121403 (consecutive)
     t_off= 49.345720 s  delta=   -1.507 ms  ids 18121694 -> 18121695 (consecutive)
     t_off= 49.366743 s  delta=   -1.505 ms  ids 18121715 -> 18121716 (consecutive)
     t_off= 49.466711 s  delta=   -2.485 ms  ids 18121814 -> 18121815 (consecutive)
     t_off= 49.570739 s  delta=   -3.026 ms  ids 18121917 -> 18121918 (consecutive)
     t_off= 49.666713 s  delta=   -2.484 ms  ids 18122014 -> 18122015 (consecutive)
     t_off= 49.866711 s  delta=   -3.033 ms  ids 18122213 -> 18122214 (consecutive)
     t_off= 49.970717 s  delta=   -2.453 ms  ids 18122318 -> 18122319 (consecutive)
     t_off= 50.478739 s  delta=   -3.030 ms  ids 18122825 -> 18122826 (consecutive)
     t_off= 50.674692 s  delta=   -2.462 ms  ids 18123022 -> 18123023 (consecutive)
     t_off= 50.877226 s  delta=   -1.990 ms  ids 18123225 -> 18123226 (consecutive)
     t_off= 50.981502 s  delta=   -2.213 ms  ids 18123329 -> 18123330 (consecutive)
     t_off= 51.582687 s  delta=   -2.218 ms  ids 18123930 -> 18123931 (consecutive)
     t_off= 51.685610 s  delta=   -2.404 ms  ids 18124033 -> 18124034 (consecutive)
     t_off= 51.886694 s  delta=   -3.402 ms  ids 18124233 -> 18124234 (consecutive)
     t_off= 52.194703 s  delta=   -1.535 ms  ids 18124543 -> 18124544 (consecutive)
     t_off= 52.294718 s  delta=   -2.539 ms  ids 18124642 -> 18124643 (consecutive)
     t_off= 52.406717 s  delta=   -3.087 ms  ids 18124753 -> 18124754 (consecutive)
     t_off= 52.606749 s  delta=   -2.570 ms  ids 18124954 -> 18124955 (consecutive)
     t_off= 52.698715 s  delta=   -3.498 ms  ids 18125045 -> 18125046 (consecutive)
     t_off= 52.804460 s  delta=   -2.033 ms  ids 18125152 -> 18125153 (consecutive)
     t_off= 52.834665 s  delta=   -1.510 ms  ids 18125183 -> 18125184 (consecutive)
     t_off= 52.906681 s  delta=   -3.501 ms  ids 18125253 -> 18125254 (consecutive)
     t_off= 54.006687 s  delta=   -4.471 ms  ids 18126352 -> 18126353 (consecutive)
     t_off= 54.106662 s  delta=   -2.437 ms  ids 18126454 -> 18126455 (consecutive)
     t_off= 54.318758 s  delta=   -3.606 ms  ids 18126665 -> 18126666 (consecutive)
     t_off= 55.026664 s  delta=   -2.462 ms  ids 18127374 -> 18127375 (consecutive)
     t_off= 55.126651 s  delta=   -2.503 ms  ids 18127474 -> 18127475 (consecutive)
     t_off= 55.246628 s  delta=   -4.224 ms  ids 18127592 -> 18127593 (consecutive)
     t_off= 55.625811 s  delta=   -1.629 ms  ids 18127974 -> 18127975 (consecutive)
     t_off= 55.826633 s  delta=   -3.031 ms  ids 18128173 -> 18128174 (consecutive)
     t_off= 55.926643 s  delta=   -3.046 ms  ids 18128273 -> 18128274 (consecutive)
     t_off= 56.026638 s  delta=   -2.457 ms  ids 18128374 -> 18128375 (consecutive)
     t_off= 56.228664 s  delta=   -2.496 ms  ids 18128576 -> 18128577 (consecutive)
     t_off= 56.646629 s  delta=   -2.990 ms  ids 18128993 -> 18128994 (consecutive)
     t_off= 56.734624 s  delta=   -2.286 ms  ids 18129082 -> 18129083 (consecutive)
     t_off= 57.138701 s  delta=   -3.552 ms  ids 18129485 -> 18129486 (consecutive)
     t_off= 57.862704 s  delta=   -2.583 ms  ids 18130210 -> 18130211 (consecutive)
     t_off= 58.666614 s  delta=   -3.485 ms  ids 18131013 -> 18131014 (consecutive)
     t_off= 58.862636 s  delta=   -1.527 ms  ids 18131211 -> 18131212 (consecutive)
     t_off= 58.970602 s  delta=   -1.524 ms  ids 18131319 -> 18131320 (consecutive)
     t_off= 59.269997 s  delta=   -2.920 ms  ids 18131617 -> 18131618 (consecutive)
     t_off= 59.982589 s  delta=   -2.270 ms  ids 18132330 -> 18132331 (consecutive)
     t_off= 60.598518 s  delta=   -2.952 ms  ids 18132945 -> 18132946 (consecutive)
     t_off= 60.686611 s  delta=   -2.500 ms  ids 18133034 -> 18133035 (consecutive)
     t_off= 60.881936 s  delta=   -1.817 ms  ids 18133230 -> 18133231 (consecutive)
     t_off= 61.094592 s  delta=   -2.985 ms  ids 18133441 -> 18133442 (consecutive)
     t_off= 61.190639 s  delta=   -2.546 ms  ids 18133538 -> 18133539 (consecutive)
     t_off= 61.290574 s  delta=   -2.481 ms  ids 18133638 -> 18133639 (consecutive)
     t_off= 61.394623 s  delta=   -2.534 ms  ids 18133742 -> 18133743 (consecutive)
     t_off= 61.497570 s  delta=   -2.480 ms  ids 18133845 -> 18133846 (consecutive)
     t_off= 61.606568 s  delta=   -2.989 ms  ids 18133953 -> 18133954 (consecutive)
     t_off= 61.798628 s  delta=   -3.559 ms  ids 18134145 -> 18134146 (consecutive)
     t_off= 61.902611 s  delta=   -3.529 ms  ids 18134249 -> 18134250 (consecutive)
     t_off= 62.006598 s  delta=   -1.517 ms  ids 18134355 -> 18134356 (consecutive)
     t_off= 62.102610 s  delta=   -2.499 ms  ids 18134450 -> 18134451 (consecutive)
     t_off= 62.298586 s  delta=   -3.465 ms  ids 18134645 -> 18134646 (consecutive)
     t_off= 62.693812 s  delta=   -1.767 ms  ids 18135042 -> 18135043 (consecutive)
     t_off= 62.924231 s  delta=   -1.983 ms  ids 18135272 -> 18135273 (consecutive)
     t_off= 63.618598 s  delta=   -3.081 ms  ids 18135965 -> 18135966 (consecutive)
     t_off= 63.718647 s  delta=   -3.104 ms  ids 18136065 -> 18136066 (consecutive)
     t_off= 64.034546 s  delta=   -3.006 ms  ids 18136381 -> 18136382 (consecutive)
     t_off= 64.326620 s  delta=   -3.571 ms  ids 18136673 -> 18136674 (consecutive)
     t_off= 64.526581 s  delta=   -1.524 ms  ids 18136875 -> 18136876 (consecutive)
     t_off= 64.828567 s  delta=   -1.529 ms  ids 18137177 -> 18137178 (consecutive)
     t_off= 64.866590 s  delta=   -2.543 ms  ids 18137214 -> 18137215 (consecutive)
     t_off= 65.429281 s  delta=   -1.798 ms  ids 18137777 -> 18137778 (consecutive)
     t_off= 65.950545 s  delta=   -3.031 ms  ids 18138297 -> 18138298 (consecutive)
     t_off= 66.438582 s  delta=   -1.526 ms  ids 18138787 -> 18138788 (consecutive)
     t_off= 66.850495 s  delta=   -2.998 ms  ids 18139197 -> 18139198 (consecutive)
     t_off= 66.970494 s  delta=   -3.029 ms  ids 18139317 -> 18139318 (consecutive)
     t_off= 67.006538 s  delta=   -1.537 ms  ids 18139355 -> 18139356 (consecutive)
     t_off= 67.054530 s  delta=   -1.508 ms  ids 18139403 -> 18139404 (consecutive)
     t_off= 67.057922 s  delta=   -2.392 ms  ids 18139405 -> 18139406 (consecutive)
     t_off= 67.259739 s  delta=   -2.764 ms  ids 18139607 -> 18139608 (consecutive)
     t_off= 67.358469 s  delta=   -2.422 ms  ids 18139706 -> 18139707 (consecutive)
     t_off= 67.766476 s  delta=   -3.011 ms  ids 18140113 -> 18140114 (consecutive)
     t_off= 67.868545 s  delta=   -2.572 ms  ids 18140216 -> 18140217 (consecutive)
     t_off= 67.966573 s  delta=   -4.596 ms  ids 18140312 -> 18140313 (consecutive)
     t_off= 68.054528 s  delta=   -2.509 ms  ids 18140402 -> 18140403 (consecutive)
     t_off= 68.178607 s  delta=   -3.156 ms  ids 18140525 -> 18140526 (consecutive)
     t_off= 68.274532 s  delta=   -1.591 ms  ids 18140623 -> 18140624 (consecutive)
     t_off= 68.766168 s  delta=   -2.697 ms  ids 18141113 -> 18141114 (consecutive)
     t_off= 68.966461 s  delta=   -2.468 ms  ids 18141314 -> 18141315 (consecutive)
     t_off= 69.006191 s  delta=   -2.232 ms  ids 18141354 -> 18141355 (consecutive)
     t_off= 69.074457 s  delta=   -2.283 ms  ids 18141422 -> 18141423 (consecutive)
     t_off= 69.170458 s  delta=   -2.509 ms  ids 18141518 -> 18141519 (consecutive)
     t_off= 69.270483 s  delta=   -3.483 ms  ids 18141617 -> 18141618 (consecutive)
     t_off= 69.882504 s  delta=   -2.569 ms  ids 18142230 -> 18142231 (consecutive)
     t_off= 69.981182 s  delta=   -2.230 ms  ids 18142329 -> 18142330 (consecutive)
     t_off= 70.081150 s  delta=   -2.193 ms  ids 18142429 -> 18142430 (consecutive)
     t_off= 70.281156 s  delta=   -1.730 ms  ids 18142629 -> 18142630 (consecutive)
     t_off= 71.205079 s  delta=   -3.135 ms  ids 18143552 -> 18143553 (consecutive)
     t_off= 71.406510 s  delta=   -2.571 ms  ids 18143754 -> 18143755 (consecutive)
     t_off= 71.501533 s  delta=   -2.597 ms  ids 18143849 -> 18143850 (consecutive)
     t_off= 71.706450 s  delta=   -3.544 ms  ids 18144053 -> 18144054 (consecutive)
     t_off= 72.010458 s  delta=   -3.554 ms  ids 18144357 -> 18144358 (consecutive)
     t_off= 72.426439 s  delta=   -3.059 ms  ids 18144773 -> 18144774 (consecutive)
     t_off= 74.026399 s  delta=   -2.477 ms  ids 18146374 -> 18146375 (consecutive)
     t_off= 74.842457 s  delta=   -2.568 ms  ids 18147190 -> 18147191 (consecutive)
     t_off= 75.846409 s  delta=   -3.007 ms  ids 18148193 -> 18148194 (consecutive)
     t_off= 76.042437 s  delta=   -3.590 ms  ids 18148389 -> 18148390 (consecutive)
     t_off= 76.454460 s  delta=   -2.623 ms  ids 18148802 -> 18148803 (consecutive)
     t_off= 76.762435 s  delta=   -2.305 ms  ids 18149110 -> 18149111 (consecutive)
     t_off= 76.966400 s  delta=   -2.528 ms  ids 18149314 -> 18149315 (consecutive)
     t_off= 77.170386 s  delta=   -1.506 ms  ids 18149519 -> 18149520 (consecutive)
     t_off= 77.278397 s  delta=   -3.064 ms  ids 18149625 -> 18149626 (consecutive)
     t_off= 77.366443 s  delta=   -1.594 ms  ids 18149715 -> 18149716 (consecutive)
     t_off= 77.474310 s  delta=   -2.247 ms  ids 18149822 -> 18149823 (consecutive)
     t_off= 77.674396 s  delta=   -3.053 ms  ids 18150021 -> 18150022 (consecutive)
     t_off= 77.768507 s  delta=   -1.691 ms  ids 18150117 -> 18150118 (consecutive)
     t_off= 77.866374 s  delta=   -3.031 ms  ids 18150213 -> 18150214 (consecutive)
     t_off= 77.966384 s  delta=   -3.483 ms  ids 18150313 -> 18150314 (consecutive)
     t_off= 78.066384 s  delta=   -1.506 ms  ids 18150415 -> 18150416 (consecutive)
     t_off= 78.166365 s  delta=   -1.525 ms  ids 18150515 -> 18150516 (consecutive)
     t_off= 78.170374 s  delta=   -3.010 ms  ids 18150517 -> 18150518 (consecutive)
     t_off= 78.370380 s  delta=   -2.521 ms  ids 18150718 -> 18150719 (consecutive)
     t_off= 78.790362 s  delta=   -3.017 ms  ids 18151137 -> 18151138 (consecutive)
     t_off= 78.874354 s  delta=   -1.534 ms  ids 18151223 -> 18151224 (consecutive)
     t_off= 78.878382 s  delta=   -3.029 ms  ids 18151225 -> 18151226 (consecutive)
     t_off= 78.977927 s  delta=   -3.112 ms  ids 18151325 -> 18151326 (consecutive)
     t_off= 79.117740 s  delta=   -1.869 ms  ids 18151466 -> 18151467 (consecutive)
     t_off= 79.178397 s  delta=   -2.469 ms  ids 18151526 -> 18151527 (consecutive)
     t_off= 79.278389 s  delta=   -1.545 ms  ids 18151627 -> 18151628 (consecutive)
     t_off= 79.593497 s  delta=   -5.668 ms  ids 18151938 -> 18151939 (consecutive)
     t_off= 79.798379 s  delta=   -3.044 ms  ids 18152145 -> 18152146 (consecutive)
     t_off= 79.886355 s  delta=   -2.426 ms  ids 18152234 -> 18152235 (consecutive)
     t_off= 80.090356 s  delta=   -4.491 ms  ids 18152436 -> 18152437 (consecutive)
     t_off= 80.198391 s  delta=   -4.568 ms  ids 18152544 -> 18152545 (consecutive)
     t_off= 80.294419 s  delta=   -3.627 ms  ids 18152641 -> 18152642 (consecutive)
     t_off= 80.394401 s  delta=   -2.353 ms  ids 18152742 -> 18152743 (consecutive)
     t_off= 80.506089 s  delta=   -2.767 ms  ids 18152853 -> 18152854 (consecutive)
     t_off= 80.906368 s  delta=   -2.534 ms  ids 18153254 -> 18153255 (consecutive)
     t_off= 81.010361 s  delta=   -3.057 ms  ids 18153357 -> 18153358 (consecutive)
     t_off= 81.110355 s  delta=   -2.591 ms  ids 18153458 -> 18153459 (consecutive)
     t_off= 81.314340 s  delta=   -3.036 ms  ids 18153661 -> 18153662 (consecutive)
     t_off= 81.718382 s  delta=   -4.614 ms  ids 18154064 -> 18154065 (consecutive)
     t_off= 82.120336 s  delta=   -1.567 ms  ids 18154469 -> 18154470 (consecutive)
     t_off= 82.722301 s  delta=   -2.549 ms  ids 18155070 -> 18155071 (consecutive)
     t_off= 82.830307 s  delta=   -2.515 ms  ids 18155178 -> 18155179 (consecutive)
     t_off= 82.934308 s  delta=   -2.527 ms  ids 18155282 -> 18155283 (consecutive)
     t_off= 83.126299 s  delta=   -3.044 ms  ids 18155473 -> 18155474 (consecutive)
     t_off= 83.163157 s  delta=   -2.388 ms  ids 18155511 -> 18155512 (consecutive)
     t_off= 83.234294 s  delta=   -2.290 ms  ids 18155582 -> 18155583 (consecutive)
     t_off= 83.329125 s  delta=   -2.363 ms  ids 18155677 -> 18155678 (consecutive)
     t_off= 83.428337 s  delta=   -1.602 ms  ids 18155777 -> 18155778 (consecutive)
     t_off= 83.534294 s  delta=   -2.534 ms  ids 18155882 -> 18155883 (consecutive)
     t_off= 83.716661 s  delta=   -1.896 ms  ids 18156065 -> 18156066 (consecutive)
     t_off= 83.746320 s  delta=   -1.567 ms  ids 18156095 -> 18156096 (consecutive)
     t_off= 83.838325 s  delta=   -2.593 ms  ids 18156186 -> 18156187 (consecutive)
     t_off= 83.938294 s  delta=   -1.518 ms  ids 18156287 -> 18156288 (consecutive)
     t_off= 84.034020 s  delta=   -2.248 ms  ids 18156382 -> 18156383 (consecutive)
     t_off= 84.146327 s  delta=   -4.603 ms  ids 18156492 -> 18156493 (consecutive)
     t_off= 84.850379 s  delta=   -3.596 ms  ids 18157197 -> 18157198 (consecutive)
     t_off= 85.758283 s  delta=   -2.475 ms  ids 18158106 -> 18158107 (consecutive)
     t_off= 85.858306 s  delta=   -3.079 ms  ids 18158205 -> 18158206 (consecutive)
     t_off= 85.966279 s  delta=   -3.002 ms  ids 18158313 -> 18158314 (consecutive)
     t_off= 86.066216 s  delta=   -1.524 ms  ids 18158415 -> 18158416 (consecutive)
     t_off= 86.166312 s  delta=   -2.534 ms  ids 18158514 -> 18158515 (consecutive)
     t_off= 86.366271 s  delta=   -2.559 ms  ids 18158714 -> 18158715 (consecutive)
     t_off= 86.462239 s  delta=   -1.510 ms  ids 18158811 -> 18158812 (consecutive)
     t_off= 86.568416 s  delta=   -1.688 ms  ids 18158917 -> 18158918 (consecutive)
     t_off= 86.768301 s  delta=   -1.589 ms  ids 18159117 -> 18159118 (consecutive)
     t_off= 86.874249 s  delta=   -2.527 ms  ids 18159222 -> 18159223 (consecutive)
     t_off= 87.274247 s  delta=   -1.536 ms  ids 18159623 -> 18159624 (consecutive)
     t_off= 87.482251 s  delta=   -1.560 ms  ids 18159831 -> 18159832 (consecutive)
     t_off= 87.974257 s  delta=   -3.561 ms  ids 18160321 -> 18160322 (consecutive)
     t_off= 88.177950 s  delta=   -2.233 ms  ids 18160526 -> 18160527 (consecutive)
     t_off= 88.278270 s  delta=   -3.534 ms  ids 18160625 -> 18160626 (consecutive)
     t_off= 88.378214 s  delta=   -2.476 ms  ids 18160726 -> 18160727 (consecutive)
     t_off= 88.481040 s  delta=   -2.337 ms  ids 18160829 -> 18160830 (consecutive)
     t_off= 89.606211 s  delta=   -3.042 ms  ids 18161953 -> 18161954 (consecutive)
     t_off= 89.702196 s  delta=   -2.545 ms  ids 18162050 -> 18162051 (consecutive)
     t_off= 89.802210 s  delta=   -1.502 ms  ids 18162151 -> 18162152 (consecutive)

-- host -> robot command stream ------------------------------------
  (no command datagrams captured)

====================================================================================================
CLASSIFICATION: ROBOT_OR_WIRE_STALL (618 transit gaps vs 0 host-only gaps)
====================================================================================================
618 of 89997 state datagrams arrived more than 1.50 ms after the previous one; 618 of those gaps
carried the very next message_id (the robot's own clock advanced by only 1, 1, 1, 1, 1 ms while
the wire stayed silent), 0 skipped at least one id, and 513 were followed by a burst of more than
3 datagrams within 3.0 ms. 0 command gap(s) of the same size were seen; 0 of them line up (+/- 2.0
ms) with a state gap (the client was simply waiting for a state) and 0 do not (the client itself
was late). The robot-clock-minus-arrival offset moved over a range of 6.775 ms with 350 jump(s) of
at least 1.50 ms. Verdict ROBOT_OR_WIRE_STALL (618 transit gaps vs 0 host-only gaps): every gap is
in the arrival timestamps themselves, which tcpdump takes before the client ever calls recvmsg, so
the packets were late on the wire or the robot emitted them late; a late client cannot produce
this pattern.
====================================================================================================
