host: R
fci_version: V5
server_version: 5
connect_ms: 3.586
robot_mode: Idle
current_errors: []
last_motion_errors: ["cartesian_reflex"]
control_command_success_rate: 0.000000
m_ee: 0.900000
m_load: 0.000000
m_total: 0.900000
F_x_Cee: -0.010000 0.000000 0.030000
F_x_Cload: 0.000000 0.000000 0.000000
F_x_Ctotal: -0.010000 0.000000 0.030000
I_ee: 0.001000 0.000000 0.000000 0.000000 0.002500 0.000000 0.000000 0.000000 0.001700
I_load: 0.000000 0.000000 0.000000 0.000000 0.000000 0.000000 0.000000 0.000000 0.000000
I_total: 0.001000 0.000000 0.000000 0.000000 0.002500 0.000000 0.000000 0.000000 0.001700
F_T_EE: 0.707100 -0.707100 0.000000 0.000000 0.707100 0.707100 0.000000 0.000000 0.000000 0.000000 1.000000 0.000000 0.000000 0.000000 0.103400 1.000000
EE_T_K: 1.000000 0.000000 0.000000 0.000000 0.000000 1.000000 0.000000 0.000000 0.000000 0.000000 1.000000 0.000000 0.000000 0.000000 0.000000 1.000000
O_ddP_O: 0.000000 0.000000 -9.810000
O_T_EE: 0.999989 -0.001120 0.001095 0.000000 -0.001120 -0.999990 0.000571 0.000000 0.001094 -0.000572 -0.999999 0.000000 0.307086 -0.000244 0.487057 1.000000
q_read: -0.000233 -0.785453 -0.000110 -2.356020 -0.000650 1.571661 0.786208
dq_read: -0.000829 0.000307 0.000590 -0.000220 -0.000002 0.000172 -0.000040
tau_J: 0.228453 -4.275380 -0.488305 22.565992 1.102110 1.793691 -0.640520
q: -0.000233 -0.785453 -0.000110 -2.356020 -0.000650 1.571661 0.786208
dq: -0.000829 0.000307 0.000590 -0.000220 -0.000002 0.000172 -0.000040
load_model_ms: 5.528
gravity: 0.000000 -4.381921 -0.712106 22.628509 0.777056 2.388110 0.000015
coriolis: -0.000000 0.000001 -0.000001 -0.000000 -0.000000 -0.000000 0.000000
mass: 0.517991 -0.006063 0.495049 -0.002540 0.059754 -0.000485 -0.002464 -0.006063 1.574088 -0.022403 -0.708204 -0.008182 -0.032087 -0.000539 0.495049 -0.022403 0.994152 -0.014891 0.070655 0.000719 -0.002870 -0.002540 -0.708204 -0.014891 0.981196 0.021253 0.126032 0.001181 0.059754 -0.008182 0.070655 0.021253 0.025719 -0.001441 0.002183 -0.000485 -0.032087 0.000719 0.126032 -0.001441 0.048311 0.001367 -0.002464 -0.000539 -0.002870 0.001181 0.002183 0.001367 0.002963
pose_EE: 0.999989 -0.001120 0.001095 0.000000 -0.001120 -0.999990 0.000571 0.000000 0.001094 -0.000572 -0.999999 0.000000 0.307086 -0.000244 0.487057 1.000000
zeroJacobian_EE: 0.000244 0.307086 0.000000 0.000000 0.000000 1.000000 0.154057 -0.000036 -0.307086 0.000233 1.000000 0.000000 0.000198 0.326072 0.000122 -0.707145 0.000165 0.707068 0.127716 -0.000076 0.472211 -0.000311 -1.000000 -0.000077 0.000065 0.210324 -0.000120 1.000000 -0.000311 0.000229 0.210304 -0.000015 0.088230 -0.000311 -1.000000 0.000572 0.000000 0.000000 0.000000 0.001094 -0.000572 -0.999999
hp_q: -2.333457871184995e-4 -7.854529254590741e-1 -1.095437190695584e-4 -2.356020214392572e0 -6.496046507516055e-4 1.571661372052299e0 7.862076304045560e-1
hp_dq: -8.285954400571592e-4 3.072030493947560e-4 5.903738691712798e-4 -2.200228106668311e-4 -2.067144331107373e-6 1.721578246156768e-4 -3.997785150987774e-5
hp_gravity: 8.673617379884035e-19 -4.381920988524651e0 -7.121059009176597e-1 2.262850945889103e1 7.770559088491374e-1 2.388109806001829e0 1.538810037181646e-5
hp_coriolis: -2.243719703010297e-7 5.077521586835454e-7 -6.569472858235368e-7 -3.777071045527614e-7 -5.026305786460521e-8 -4.231722376855776e-8 6.725464304744478e-11
hp_mass: 5.179905447368304e-1 -6.063498475882247e-3 4.950486007923542e-1 -2.539905634040106e-3 5.975386386342964e-2 -4.850224187932245e-4 -2.464117095786655e-3 -6.063498475882246e-3 1.574088069061062e0 -2.240311978273651e-2 -7.082040824516096e-1 -8.182365888470697e-3 -3.208659554287481e-2 -5.389261331951362e-4 4.950486007923541e-1 -2.240311978273651e-2 9.941523452783401e-1 -1.489071975065141e-2 7.065491691317716e-2 7.186729594155587e-4 -2.870058068450997e-3 -2.539905634040109e-3 -7.082040824516092e-1 -1.489071975065141e-2 9.811955734521025e-1 2.125306272358030e-2 1.260321768699527e-1 1.181433920293001e-3 5.975386386342962e-2 -8.182365888470704e-3 7.065491691317716e-2 2.125306272358031e-2 2.571899819249504e-2 -1.441295097415192e-3 2.183248827879910e-3 -4.850224187932288e-4 -3.208659554287478e-2 7.186729594155574e-4 1.260321768699527e-1 -1.441295097415191e-3 4.831051617221958e-2 1.367278628496138e-3 -2.464117095786656e-3 -5.389261331951364e-4 -2.870058068450997e-3 1.181433920293001e-3 2.183248827879911e-3 1.367278628496138e-3 2.963433239164822e-3
hp_pose_EE: 9.999891474389121e-1 -1.119779140353050e-3 1.094531992560533e-3 0.000000000000000e0 -1.120404885747273e-3 -9.999895825795382e-1 5.712499462215435e-4 0.000000000000000e0 1.093901977589696e-3 -5.724810877236158e-4 -9.999992378216432e-1 0.000000000000000e0 3.070863119991775e-1 -2.440037453367645e-4 4.870573967130564e-1 1.000000000000000e0
hp_zeroJacobian_EE: 2.440037453367646e-4 3.070863119991775e-1 0.000000000000000e0 0.000000000000000e0 0.000000000000000e0 1.000000000000000e0 1.540573925188239e-1 -3.594864417119957e-5 -3.070863605759588e-1 2.333457850008765e-4 9.999999727748720e-1 0.000000000000000e0 1.979481762939510e-4 3.260719143957499e-1 1.218740114867084e-4 -7.071454834992632e-1 1.650094224493626e-4 7.070680575011742e-1 1.277155853465756e-1 -7.627315362362381e-5 4.722112348674015e-1 -3.108006459911629e-4 -9.999999487011927e-1 -7.746334813977546e-5 6.540005380723540e-5 2.103237521527131e-1 -1.203349208749754e-4 9.999999254674810e-1 -3.108183805780198e-4 2.290348587523638e-4 2.103036000093221e-1 -1.491368110288090e-5 8.823012730883822e-2 -3.109493781462577e-4 -9.999997879824121e-1 5.721412542815529e-4 0.000000000000000e0 0.000000000000000e0 0.000000000000000e0 1.093901977589696e-3 -5.724810877236158e-4 -9.999992378216432e-1
